 # xp yp zp bx by bz
 0.00000E+00 -0.40000E+00  0.00000E+00 -0.21539E-03  0.22063E-03  0.49820E-02
 0.13793E-01 -0.40000E+00  0.00000E+00 -0.22003E-03  0.24052E-03  0.54444E-02
 0.27586E-01 -0.40000E+00  0.00000E+00 -0.22361E-03  0.26183E-03  0.59428E-02
 0.41379E-01 -0.40000E+00  0.00000E+00 -0.22586E-03  0.28449E-03  0.64765E-02
 0.55172E-01 -0.40000E+00  0.00000E+00 -0.22653E-03  0.30840E-03  0.70435E-02
 0.68966E-01 -0.40000E+00  0.00000E+00 -0.22532E-03  0.33337E-03  0.76407E-02
 0.82759E-01 -0.40000E+00  0.00000E+00 -0.22198E-03  0.35915E-03  0.82635E-02
 0.96552E-01 -0.40000E+00  0.00000E+00 -0.21625E-03  0.38546E-03  0.89059E-02
 0.11034E+00 -0.40000E+00  0.00000E+00 -0.20793E-03  0.41194E-03  0.95605E-02
 0.12414E+00 -0.40000E+00  0.00000E+00 -0.19682E-03  0.43816E-03  0.10218E-01
 0.13793E+00 -0.40000E+00  0.00000E+00 -0.18281E-03  0.46368E-03  0.10869E-01
 0.15172E+00 -0.40000E+00  0.00000E+00 -0.16582E-03  0.48800E-03  0.11501E-01
 0.16552E+00 -0.40000E+00  0.00000E+00 -0.14585E-03  0.51059E-03  0.12101E-01
 0.17931E+00 -0.40000E+00  0.00000E+00 -0.12296E-03  0.53091E-03  0.12656E-01
 0.19310E+00 -0.40000E+00  0.00000E+00 -0.97290E-04  0.54839E-03  0.13150E-01
 0.20690E+00 -0.40000E+00  0.00000E+00 -0.69082E-04  0.56246E-03  0.13567E-01
 0.22069E+00 -0.40000E+00  0.00000E+00 -0.38683E-04  0.57256E-03  0.13891E-01
 0.23448E+00 -0.40000E+00  0.00000E+00 -0.65730E-05  0.57818E-03  0.14104E-01
 0.24828E+00 -0.40000E+00  0.00000E+00  0.26623E-04  0.57886E-03  0.14191E-01
 0.26207E+00 -0.40000E+00  0.00000E+00  0.60133E-04  0.57429E-03  0.14141E-01
 0.27586E+00 -0.40000E+00  0.00000E+00  0.93064E-04  0.56436E-03  0.13947E-01
 0.28966E+00 -0.40000E+00  0.00000E+00  0.12446E-03  0.54919E-03  0.13609E-01
 0.30345E+00 -0.40000E+00  0.00000E+00  0.15337E-03  0.52918E-03  0.13137E-01
 0.31724E+00 -0.40000E+00  0.00000E+00  0.17898E-03  0.50500E-03  0.12547E-01
 0.33103E+00 -0.40000E+00  0.00000E+00  0.20068E-03  0.47752E-03  0.11863E-01
 0.34483E+00 -0.40000E+00  0.00000E+00  0.21812E-03  0.44775E-03  0.11113E-01
 0.35862E+00 -0.40000E+00  0.00000E+00  0.23122E-03  0.41668E-03  0.10325E-01
 0.37241E+00 -0.40000E+00  0.00000E+00  0.24016E-03  0.38526E-03  0.95262E-02
 0.38621E+00 -0.40000E+00  0.00000E+00  0.24530E-03  0.35429E-03  0.87379E-02
 0.40000E+00 -0.40000E+00  0.00000E+00  0.24712E-03  0.32439E-03  0.79778E-02
 0.00000E+00 -0.38621E+00  0.00000E+00 -0.19708E-03  0.21336E-03  0.45254E-02
 0.13793E-01 -0.38621E+00  0.00000E+00 -0.20043E-03  0.23142E-03  0.49194E-02
 0.27586E-01 -0.38621E+00  0.00000E+00 -0.20275E-03  0.25062E-03  0.53408E-02
 0.41379E-01 -0.38621E+00  0.00000E+00 -0.20384E-03  0.27090E-03  0.57886E-02
 0.55172E-01 -0.38621E+00  0.00000E+00 -0.20349E-03  0.29213E-03  0.62607E-02
 0.68966E-01 -0.38621E+00  0.00000E+00 -0.20147E-03  0.31416E-03  0.67542E-02
 0.82759E-01 -0.38621E+00  0.00000E+00 -0.19756E-03  0.33676E-03  0.72652E-02
 0.96552E-01 -0.38621E+00  0.00000E+00 -0.19158E-03  0.35968E-03  0.77884E-02
 0.11034E+00 -0.38621E+00  0.00000E+00 -0.18335E-03  0.38261E-03  0.83177E-02
 0.12414E+00 -0.38621E+00  0.00000E+00 -0.17275E-03  0.40519E-03  0.88456E-02
 0.13793E+00 -0.38621E+00  0.00000E+00 -0.15969E-03  0.42703E-03  0.93639E-02
 0.15172E+00 -0.38621E+00  0.00000E+00 -0.14412E-03  0.44772E-03  0.98633E-02
 0.16552E+00 -0.38621E+00  0.00000E+00 -0.12605E-03  0.46682E-03  0.10333E-01
 0.17931E+00 -0.38621E+00  0.00000E+00 -0.10558E-03  0.48386E-03  0.10763E-01
 0.19310E+00 -0.38621E+00  0.00000E+00 -0.82848E-04  0.49838E-03  0.11142E-01
 0.20690E+00 -0.38621E+00  0.00000E+00 -0.58083E-04  0.50992E-03  0.11456E-01
 0.22069E+00 -0.38621E+00  0.00000E+00 -0.31608E-04  0.51804E-03  0.11694E-01
 0.23448E+00 -0.38621E+00  0.00000E+00 -0.38446E-05  0.52236E-03  0.11845E-01
 0.24828E+00 -0.38621E+00  0.00000E+00  0.24680E-04  0.52254E-03  0.11898E-01
 0.26207E+00 -0.38621E+00  0.00000E+00  0.53340E-04  0.51839E-03  0.11846E-01
 0.27586E+00 -0.38621E+00  0.00000E+00  0.81439E-04  0.50985E-03  0.11686E-01
 0.28966E+00 -0.38621E+00  0.00000E+00  0.10824E-03  0.49704E-03  0.11419E-01
 0.30345E+00 -0.38621E+00  0.00000E+00  0.13305E-03  0.48030E-03  0.11052E-01
 0.31724E+00 -0.38621E+00  0.00000E+00  0.15523E-03  0.46013E-03  0.10597E-01
 0.33103E+00 -0.38621E+00  0.00000E+00  0.17433E-03  0.43720E-03  0.10070E-01
 0.34483E+00 -0.38621E+00  0.00000E+00  0.19006E-03  0.41225E-03  0.94897E-02
 0.35862E+00 -0.38621E+00  0.00000E+00  0.20232E-03  0.38606E-03  0.88769E-02
 0.37241E+00 -0.38621E+00  0.00000E+00  0.21120E-03  0.35935E-03  0.82496E-02
 0.38621E+00 -0.38621E+00  0.00000E+00  0.21693E-03  0.33277E-03  0.76245E-02
 0.40000E+00 -0.38621E+00  0.00000E+00  0.21984E-03  0.30684E-03  0.70149E-02
 0.00000E+00 -0.37241E+00  0.00000E+00 -0.18042E-03  0.20583E-03  0.41151E-02
 0.13793E-01 -0.37241E+00  0.00000E+00 -0.18270E-03  0.22219E-03  0.44515E-02
 0.27586E-01 -0.37241E+00  0.00000E+00 -0.18402E-03  0.23948E-03  0.48087E-02
 0.41379E-01 -0.37241E+00  0.00000E+00 -0.18421E-03  0.25762E-03  0.51856E-02
 0.55172E-01 -0.37241E+00  0.00000E+00 -0.18309E-03  0.27648E-03  0.55802E-02
 0.68966E-01 -0.37241E+00  0.00000E+00 -0.18048E-03  0.29593E-03  0.59898E-02
 0.82759E-01 -0.37241E+00  0.00000E+00 -0.17621E-03  0.31576E-03  0.64110E-02
 0.96552E-01 -0.37241E+00  0.00000E+00 -0.17014E-03  0.33576E-03  0.68393E-02
 0.11034E+00 -0.37241E+00  0.00000E+00 -0.16212E-03  0.35564E-03  0.72695E-02
 0.12414E+00 -0.37241E+00  0.00000E+00 -0.15208E-03  0.37511E-03  0.76958E-02
 0.13793E+00 -0.37241E+00  0.00000E+00 -0.13994E-03  0.39383E-03  0.81112E-02
 0.15172E+00 -0.37241E+00  0.00000E+00 -0.12570E-03  0.41146E-03  0.85083E-02
 0.16552E+00 -0.37241E+00  0.00000E+00 -0.10937E-03  0.42763E-03  0.88790E-02
 0.17931E+00 -0.37241E+00  0.00000E+00 -0.91061E-04  0.44195E-03  0.92148E-02
 0.19310E+00 -0.37241E+00  0.00000E+00 -0.70905E-04  0.45404E-03  0.95067E-02
 0.20690E+00 -0.37241E+00  0.00000E+00 -0.49123E-04  0.46354E-03  0.97458E-02
 0.22069E+00 -0.37241E+00  0.00000E+00 -0.26000E-04  0.47010E-03  0.99232E-02
 0.23448E+00 -0.37241E+00  0.00000E+00 -0.19022E-05  0.47343E-03  0.10031E-01
 0.24828E+00 -0.37241E+00  0.00000E+00  0.22731E-04  0.47329E-03  0.10063E-01
 0.26207E+00 -0.37241E+00  0.00000E+00  0.47395E-04  0.46955E-03  0.10013E-01
 0.27586E+00 -0.37241E+00  0.00000E+00  0.71539E-04  0.46220E-03  0.98815E-02
 0.28966E+00 -0.37241E+00  0.00000E+00  0.94598E-04  0.45135E-03  0.96687E-02
 0.30345E+00 -0.37241E+00  0.00000E+00  0.11603E-03  0.43726E-03  0.93801E-02
 0.31724E+00 -0.37241E+00  0.00000E+00  0.13537E-03  0.42034E-03  0.90245E-02
 0.33103E+00 -0.37241E+00  0.00000E+00  0.15225E-03  0.40109E-03  0.86131E-02
 0.34483E+00 -0.37241E+00  0.00000E+00  0.16642E-03  0.38007E-03  0.81594E-02
 0.35862E+00 -0.37241E+00  0.00000E+00  0.17780E-03  0.35788E-03  0.76773E-02
 0.37241E+00 -0.37241E+00  0.00000E+00  0.18643E-03  0.33509E-03  0.71802E-02
 0.38621E+00 -0.37241E+00  0.00000E+00  0.19243E-03  0.31223E-03  0.66804E-02
 0.40000E+00 -0.37241E+00  0.00000E+00  0.19604E-03  0.28972E-03  0.61881E-02
 0.00000E+00 -0.35862E+00  0.00000E+00 -0.16528E-03  0.19817E-03  0.37463E-02
 0.13793E-01 -0.35862E+00  0.00000E+00 -0.16670E-03  0.21299E-03  0.40342E-02
 0.27586E-01 -0.35862E+00  0.00000E+00 -0.16722E-03  0.22855E-03  0.43380E-02
 0.41379E-01 -0.35862E+00  0.00000E+00 -0.16671E-03  0.24477E-03  0.46562E-02
 0.55172E-01 -0.35862E+00  0.00000E+00 -0.16502E-03  0.26154E-03  0.49873E-02
 0.68966E-01 -0.35862E+00  0.00000E+00 -0.16200E-03  0.27872E-03  0.53286E-02
 0.82759E-01 -0.35862E+00  0.00000E+00 -0.15752E-03  0.29615E-03  0.56773E-02
 0.96552E-01 -0.35862E+00  0.00000E+00 -0.15147E-03  0.31361E-03  0.60297E-02
 0.11034E+00 -0.35862E+00  0.00000E+00 -0.14375E-03  0.33088E-03  0.63813E-02
 0.12414E+00 -0.35862E+00  0.00000E+00 -0.13429E-03  0.34770E-03  0.67273E-02
 0.13793E+00 -0.35862E+00  0.00000E+00 -0.12305E-03  0.36378E-03  0.70623E-02
 0.15172E+00 -0.35862E+00  0.00000E+00 -0.11003E-03  0.37884E-03  0.73801E-02
 0.16552E+00 -0.35862E+00  0.00000E+00 -0.95285E-04  0.39256E-03  0.76745E-02
 0.17931E+00 -0.35862E+00  0.00000E+00 -0.78892E-04  0.40463E-03  0.79387E-02
 0.19310E+00 -0.35862E+00  0.00000E+00 -0.60996E-04  0.41473E-03  0.81661E-02
 0.20690E+00 -0.35862E+00  0.00000E+00 -0.41792E-04  0.42258E-03  0.83497E-02
 0.22069E+00 -0.35862E+00  0.00000E+00 -0.21533E-04  0.42791E-03  0.84834E-02
 0.23448E+00 -0.35862E+00  0.00000E+00 -0.53071E-06  0.43049E-03  0.85615E-02
 0.24828E+00 -0.35862E+00  0.00000E+00  0.20851E-04  0.43015E-03  0.85795E-02
 0.26207E+00 -0.35862E+00  0.00000E+00  0.42201E-04  0.42681E-03  0.85346E-02
 0.27586E+00 -0.35862E+00  0.00000E+00  0.63084E-04  0.42047E-03  0.84259E-02
 0.28966E+00 -0.35862E+00  0.00000E+00  0.83058E-04  0.41124E-03  0.82550E-02
 0.30345E+00 -0.35862E+00  0.00000E+00  0.10170E-03  0.39932E-03  0.80259E-02
 0.31724E+00 -0.35862E+00  0.00000E+00  0.11866E-03  0.38504E-03  0.77448E-02
 0.33103E+00 -0.35862E+00  0.00000E+00  0.13362E-03  0.36877E-03  0.74201E-02
 0.34483E+00 -0.35862E+00  0.00000E+00  0.14641E-03  0.35097E-03  0.70610E-02
 0.35862E+00 -0.35862E+00  0.00000E+00  0.15693E-03  0.33208E-03  0.66778E-02
 0.37241E+00 -0.35862E+00  0.00000E+00  0.16518E-03  0.31257E-03  0.62801E-02
 0.38621E+00 -0.35862E+00  0.00000E+00  0.17124E-03  0.29284E-03  0.58773E-02
 0.40000E+00 -0.35862E+00  0.00000E+00  0.17528E-03  0.27327E-03  0.54772E-02
 0.00000E+00 -0.34483E+00  0.00000E+00 -0.15152E-03  0.19049E-03  0.34150E-02
 0.13793E-01 -0.34483E+00  0.00000E+00 -0.15225E-03  0.20391E-03  0.36620E-02
 0.27586E-01 -0.34483E+00  0.00000E+00 -0.15215E-03  0.21792E-03  0.39209E-02
 0.41379E-01 -0.34483E+00  0.00000E+00 -0.15111E-03  0.23243E-03  0.41906E-02
 0.55172E-01 -0.34483E+00  0.00000E+00 -0.14900E-03  0.24735E-03  0.44693E-02
 0.68966E-01 -0.34483E+00  0.00000E+00 -0.14571E-03  0.26255E-03  0.47549E-02
 0.82759E-01 -0.34483E+00  0.00000E+00 -0.14114E-03  0.27788E-03  0.50449E-02
 0.96552E-01 -0.34483E+00  0.00000E+00 -0.13520E-03  0.29315E-03  0.53362E-02
 0.11034E+00 -0.34483E+00  0.00000E+00 -0.12782E-03  0.30818E-03  0.56250E-02
 0.12414E+00 -0.34483E+00  0.00000E+00 -0.11894E-03  0.32274E-03  0.59075E-02
 0.13793E+00 -0.34483E+00  0.00000E+00 -0.10856E-03  0.33659E-03  0.61792E-02
 0.15172E+00 -0.34483E+00  0.00000E+00 -0.96680E-04  0.34949E-03  0.64352E-02
 0.16552E+00 -0.34483E+00  0.00000E+00 -0.83351E-04  0.36116E-03  0.66706E-02
 0.17931E+00 -0.34483E+00  0.00000E+00 -0.68661E-04  0.37137E-03  0.68802E-02
 0.19310E+00 -0.34483E+00  0.00000E+00 -0.52741E-04  0.37985E-03  0.70587E-02
 0.20690E+00 -0.34483E+00  0.00000E+00 -0.35765E-04  0.38637E-03  0.72013E-02
 0.22069E+00 -0.34483E+00  0.00000E+00 -0.17954E-04  0.39071E-03  0.73031E-02
 0.23448E+00 -0.34483E+00  0.00000E+00  0.42765E-06  0.39272E-03  0.73603E-02
 0.24828E+00 -0.34483E+00  0.00000E+00  0.19079E-04  0.39227E-03  0.73698E-02
 0.26207E+00 -0.34483E+00  0.00000E+00  0.37666E-04  0.38930E-03  0.73298E-02
 0.27586E+00 -0.34483E+00  0.00000E+00  0.55840E-04  0.38382E-03  0.72400E-02
 0.28966E+00 -0.34483E+00  0.00000E+00  0.73251E-04  0.37593E-03  0.71017E-02
 0.30345E+00 -0.34483E+00  0.00000E+00  0.89570E-04  0.36579E-03  0.69180E-02
 0.31724E+00 -0.34483E+00  0.00000E+00  0.10451E-03  0.35367E-03  0.66936E-02
 0.33103E+00 -0.34483E+00  0.00000E+00  0.11783E-03  0.33985E-03  0.64345E-02
 0.34483E+00 -0.34483E+00  0.00000E+00  0.12939E-03  0.32468E-03  0.61474E-02
 0.35862E+00 -0.34483E+00  0.00000E+00  0.13907E-03  0.30853E-03  0.58398E-02
 0.37241E+00 -0.34483E+00  0.00000E+00  0.14689E-03  0.29176E-03  0.55190E-02
 0.38621E+00 -0.34483E+00  0.00000E+00  0.15287E-03  0.27469E-03  0.51918E-02
 0.40000E+00 -0.34483E+00  0.00000E+00  0.15714E-03  0.25763E-03  0.48644E-02
 0.00000E+00 -0.33103E+00  0.00000E+00 -0.13903E-03  0.18290E-03  0.31172E-02
 0.13793E-01 -0.33103E+00  0.00000E+00 -0.13920E-03  0.19504E-03  0.33296E-02
 0.27586E-01 -0.33103E+00  0.00000E+00 -0.13862E-03  0.20765E-03  0.35509E-02
 0.41379E-01 -0.33103E+00  0.00000E+00 -0.13718E-03  0.22064E-03  0.37801E-02
 0.55172E-01 -0.33103E+00  0.00000E+00 -0.13478E-03  0.23392E-03  0.40156E-02
 0.68966E-01 -0.33103E+00  0.00000E+00 -0.13133E-03  0.24739E-03  0.42556E-02
 0.82759E-01 -0.33103E+00  0.00000E+00 -0.12676E-03  0.26089E-03  0.44978E-02
 0.96552E-01 -0.33103E+00  0.00000E+00 -0.12099E-03  0.27428E-03  0.47397E-02
 0.11034E+00 -0.33103E+00  0.00000E+00 -0.11398E-03  0.28739E-03  0.49782E-02
 0.12414E+00 -0.33103E+00  0.00000E+00 -0.10568E-03  0.30002E-03  0.52100E-02
 0.13793E+00 -0.33103E+00  0.00000E+00 -0.96105E-04  0.31198E-03  0.54317E-02
 0.15172E+00 -0.33103E+00  0.00000E+00 -0.85263E-04  0.32305E-03  0.56392E-02
 0.16552E+00 -0.33103E+00  0.00000E+00 -0.73208E-04  0.33303E-03  0.58288E-02
 0.17931E+00 -0.33103E+00  0.00000E+00 -0.60025E-04  0.34169E-03  0.59963E-02
 0.19310E+00 -0.33103E+00  0.00000E+00 -0.45832E-04  0.34883E-03  0.61377E-02
 0.20690E+00 -0.33103E+00  0.00000E+00 -0.30783E-04  0.35427E-03  0.62494E-02
 0.22069E+00 -0.33103E+00  0.00000E+00 -0.15069E-04  0.35785E-03  0.63278E-02
 0.23448E+00 -0.33103E+00  0.00000E+00  0.10874E-05  0.35942E-03  0.63701E-02
 0.24828E+00 -0.33103E+00  0.00000E+00  0.17436E-04  0.35890E-03  0.63743E-02
 0.26207E+00 -0.33103E+00  0.00000E+00  0.33704E-04  0.35626E-03  0.63392E-02
 0.27586E+00 -0.33103E+00  0.00000E+00  0.49610E-04  0.35152E-03  0.62647E-02
 0.28966E+00 -0.33103E+00  0.00000E+00  0.64875E-04  0.34474E-03  0.61521E-02
 0.30345E+00 -0.33103E+00  0.00000E+00  0.79238E-04  0.33608E-03  0.60035E-02
 0.31724E+00 -0.33103E+00  0.00000E+00  0.92466E-04  0.32573E-03  0.58227E-02
 0.33103E+00 -0.33103E+00  0.00000E+00  0.10437E-03  0.31393E-03  0.56139E-02
 0.34483E+00 -0.33103E+00  0.00000E+00  0.11482E-03  0.30095E-03  0.53822E-02
 0.35862E+00 -0.33103E+00  0.00000E+00  0.12373E-03  0.28707E-03  0.51331E-02
 0.37241E+00 -0.33103E+00  0.00000E+00  0.13108E-03  0.27258E-03  0.48721E-02
 0.38621E+00 -0.33103E+00  0.00000E+00  0.13690E-03  0.25777E-03  0.46044E-02
 0.40000E+00 -0.33103E+00  0.00000E+00  0.14125E-03  0.24286E-03  0.43347E-02
 0.00000E+00 -0.31724E+00  0.00000E+00 -0.12769E-03  0.17544E-03  0.28494E-02
 0.13793E-01 -0.31724E+00  0.00000E+00 -0.12743E-03  0.18643E-03  0.30324E-02
 0.27586E-01 -0.31724E+00  0.00000E+00 -0.12647E-03  0.19778E-03  0.32222E-02
 0.41379E-01 -0.31724E+00  0.00000E+00 -0.12473E-03  0.20942E-03  0.34176E-02
 0.55172E-01 -0.31724E+00  0.00000E+00 -0.12214E-03  0.22127E-03  0.36173E-02
 0.68966E-01 -0.31724E+00  0.00000E+00 -0.11862E-03  0.23321E-03  0.38197E-02
 0.82759E-01 -0.31724E+00  0.00000E+00 -0.11411E-03  0.24513E-03  0.40229E-02
 0.96552E-01 -0.31724E+00  0.00000E+00 -0.10855E-03  0.25689E-03  0.42247E-02
 0.11034E+00 -0.31724E+00  0.00000E+00 -0.10192E-03  0.26835E-03  0.44225E-02
 0.12414E+00 -0.31724E+00  0.00000E+00 -0.94190E-04  0.27934E-03  0.46139E-02
 0.13793E+00 -0.31724E+00  0.00000E+00 -0.85364E-04  0.28969E-03  0.47957E-02
 0.15172E+00 -0.31724E+00  0.00000E+00 -0.75470E-04  0.29923E-03  0.49651E-02
 0.16552E+00 -0.31724E+00  0.00000E+00 -0.64557E-04  0.30777E-03  0.51187E-02
 0.17931E+00 -0.31724E+00  0.00000E+00 -0.52706E-04  0.31515E-03  0.52535E-02
 0.19310E+00 -0.31724E+00  0.00000E+00 -0.40022E-04  0.32120E-03  0.53665E-02
 0.20690E+00 -0.31724E+00  0.00000E+00 -0.26642E-04  0.32577E-03  0.54548E-02
 0.22069E+00 -0.31724E+00  0.00000E+00 -0.12728E-04  0.32872E-03  0.55158E-02
 0.23448E+00 -0.31724E+00  0.00000E+00  0.15316E-05  0.32996E-03  0.55475E-02
 0.24828E+00 -0.31724E+00  0.00000E+00  0.15928E-04  0.32942E-03  0.55484E-02
 0.26207E+00 -0.31724E+00  0.00000E+00  0.30238E-04  0.32708E-03  0.55178E-02
 0.27586E+00 -0.31724E+00  0.00000E+00  0.44233E-04  0.32295E-03  0.54558E-02
 0.28966E+00 -0.31724E+00  0.00000E+00  0.57689E-04  0.31711E-03  0.53633E-02
 0.30345E+00 -0.31724E+00  0.00000E+00  0.70393E-04  0.30968E-03  0.52423E-02
 0.31724E+00 -0.31724E+00  0.00000E+00  0.82159E-04  0.30079E-03  0.50952E-02
 0.33103E+00 -0.31724E+00  0.00000E+00  0.92834E-04  0.29066E-03  0.49255E-02
 0.34483E+00 -0.31724E+00  0.00000E+00  0.10230E-03  0.27949E-03  0.47369E-02
 0.35862E+00 -0.31724E+00  0.00000E+00  0.11049E-03  0.26751E-03  0.45335E-02
 0.37241E+00 -0.31724E+00  0.00000E+00  0.11738E-03  0.25495E-03  0.43195E-02
 0.38621E+00 -0.31724E+00  0.00000E+00  0.12297E-03  0.24204E-03  0.40989E-02
 0.40000E+00 -0.31724E+00  0.00000E+00  0.12730E-03  0.22899E-03  0.38755E-02
 0.00000E+00 -0.30345E+00  0.00000E+00 -0.11740E-03  0.16817E-03  0.26083E-02
 0.13793E-01 -0.30345E+00  0.00000E+00 -0.11680E-03  0.17812E-03  0.27665E-02
 0.27586E-01 -0.30345E+00  0.00000E+00 -0.11556E-03  0.18835E-03  0.29296E-02
 0.41379E-01 -0.30345E+00  0.00000E+00 -0.11361E-03  0.19879E-03  0.30968E-02
 0.55172E-01 -0.30345E+00  0.00000E+00 -0.11090E-03  0.20936E-03  0.32667E-02
 0.68966E-01 -0.30345E+00  0.00000E+00 -0.10736E-03  0.21997E-03  0.34380E-02
 0.82759E-01 -0.30345E+00  0.00000E+00 -0.10296E-03  0.23050E-03  0.36092E-02
 0.96552E-01 -0.30345E+00  0.00000E+00 -0.97644E-04  0.24086E-03  0.37782E-02
 0.11034E+00 -0.30345E+00  0.00000E+00 -0.91394E-04  0.25090E-03  0.39432E-02
 0.12414E+00 -0.30345E+00  0.00000E+00 -0.84202E-04  0.26048E-03  0.41019E-02
 0.13793E+00 -0.30345E+00  0.00000E+00 -0.76074E-04  0.26947E-03  0.42520E-02
 0.15172E+00 -0.30345E+00  0.00000E+00 -0.67040E-04  0.27772E-03  0.43910E-02
 0.16552E+00 -0.30345E+00  0.00000E+00 -0.57150E-04  0.28507E-03  0.45163E-02
 0.17931E+00 -0.30345E+00  0.00000E+00 -0.46475E-04  0.29138E-03  0.46257E-02
 0.19310E+00 -0.30345E+00  0.00000E+00 -0.35112E-04  0.29652E-03  0.47166E-02
 0.20690E+00 -0.30345E+00  0.00000E+00 -0.23179E-04  0.30037E-03  0.47870E-02
 0.22069E+00 -0.30345E+00  0.00000E+00 -0.10815E-04  0.30283E-03  0.48349E-02
 0.23448E+00 -0.30345E+00  0.00000E+00  0.18203E-05  0.30381E-03  0.48588E-02
 0.24828E+00 -0.30345E+00  0.00000E+00  0.14554E-04  0.30327E-03  0.48578E-02
 0.26207E+00 -0.30345E+00  0.00000E+00  0.27202E-04  0.30119E-03  0.48313E-02
 0.27586E+00 -0.30345E+00  0.00000E+00  0.39576E-04  0.29760E-03  0.47794E-02
 0.28966E+00 -0.30345E+00  0.00000E+00  0.51494E-04  0.29255E-03  0.47031E-02
 0.30345E+00 -0.30345E+00  0.00000E+00  0.62784E-04  0.28613E-03  0.46036E-02
 0.31724E+00 -0.30345E+00  0.00000E+00  0.73293E-04  0.27847E-03  0.44831E-02
 0.33103E+00 -0.30345E+00  0.00000E+00  0.82894E-04  0.26972E-03  0.43440E-02
 0.34483E+00 -0.30345E+00  0.00000E+00  0.91491E-04  0.26007E-03  0.41893E-02
 0.35862E+00 -0.30345E+00  0.00000E+00  0.99020E-04  0.24968E-03  0.40220E-02
 0.37241E+00 -0.30345E+00  0.00000E+00  0.10545E-03  0.23875E-03  0.38453E-02
 0.38621E+00 -0.30345E+00  0.00000E+00  0.11078E-03  0.22747E-03  0.36623E-02
 0.40000E+00 -0.30345E+00  0.00000E+00  0.11504E-03  0.21600E-03  0.34760E-02
 0.00000E+00 -0.28966E+00  0.00000E+00 -0.10806E-03  0.16112E-03  0.23911E-02
 0.13793E-01 -0.28966E+00  0.00000E+00 -0.10719E-03  0.17014E-03  0.25282E-02
 0.27586E-01 -0.28966E+00  0.00000E+00 -0.10574E-03  0.17936E-03  0.26688E-02
 0.41379E-01 -0.28966E+00  0.00000E+00 -0.10365E-03  0.18873E-03  0.28122E-02
 0.55172E-01 -0.28966E+00  0.00000E+00 -0.10088E-03  0.19818E-03  0.29573E-02
 0.68966E-01 -0.28966E+00  0.00000E+00 -0.97381E-04  0.20762E-03  0.31029E-02
 0.82759E-01 -0.28966E+00  0.00000E+00 -0.93114E-04  0.21695E-03  0.32476E-02
 0.96552E-01 -0.28966E+00  0.00000E+00 -0.88053E-04  0.22608E-03  0.33899E-02
 0.11034E+00 -0.28966E+00  0.00000E+00 -0.82181E-04  0.23490E-03  0.35281E-02
 0.12414E+00 -0.28966E+00  0.00000E+00 -0.75497E-04  0.24329E-03  0.36604E-02
 0.13793E+00 -0.28966E+00  0.00000E+00 -0.68014E-04  0.25111E-03  0.37849E-02
 0.15172E+00 -0.28966E+00  0.00000E+00 -0.59760E-04  0.25826E-03  0.38996E-02
 0.16552E+00 -0.28966E+00  0.00000E+00 -0.50783E-04  0.26461E-03  0.40026E-02
 0.17931E+00 -0.28966E+00  0.00000E+00 -0.41149E-04  0.27004E-03  0.40918E-02
 0.19310E+00 -0.28966E+00  0.00000E+00 -0.30944E-04  0.27443E-03  0.41656E-02
 0.20690E+00 -0.28966E+00  0.00000E+00 -0.20268E-04  0.27769E-03  0.42222E-02
 0.22069E+00 -0.28966E+00  0.00000E+00 -0.92433E-05  0.27975E-03  0.42601E-02
 0.23448E+00 -0.28966E+00  0.00000E+00  0.19971E-05  0.28053E-03  0.42784E-02
 0.24828E+00 -0.28966E+00  0.00000E+00  0.13307E-04  0.28000E-03  0.42762E-02
 0.26207E+00 -0.28966E+00  0.00000E+00  0.24536E-04  0.27816E-03  0.42533E-02
 0.27586E+00 -0.28966E+00  0.00000E+00  0.35527E-04  0.27502E-03  0.42098E-02
 0.28966E+00 -0.28966E+00  0.00000E+00  0.46131E-04  0.27063E-03  0.41463E-02
 0.30345E+00 -0.28966E+00  0.00000E+00  0.56207E-04  0.26506E-03  0.40640E-02
 0.31724E+00 -0.28966E+00  0.00000E+00  0.65629E-04  0.25843E-03  0.39645E-02
 0.33103E+00 -0.28966E+00  0.00000E+00  0.74292E-04  0.25085E-03  0.38497E-02
 0.34483E+00 -0.28966E+00  0.00000E+00  0.82113E-04  0.24246E-03  0.37218E-02
 0.35862E+00 -0.28966E+00  0.00000E+00  0.89035E-04  0.23342E-03  0.35832E-02
 0.37241E+00 -0.28966E+00  0.00000E+00  0.95028E-04  0.22387E-03  0.34363E-02
 0.38621E+00 -0.28966E+00  0.00000E+00  0.10008E-03  0.21398E-03  0.32836E-02
 0.40000E+00 -0.28966E+00  0.00000E+00  0.10422E-03  0.20387E-03  0.31274E-02
 0.00000E+00 -0.27586E+00  0.00000E+00 -0.99578E-04  0.15432E-03  0.21953E-02
 0.13793E-01 -0.27586E+00  0.00000E+00 -0.98504E-04  0.16250E-03  0.23143E-02
 0.27586E-01 -0.27586E+00  0.00000E+00 -0.96902E-04  0.17082E-03  0.24359E-02
 0.41379E-01 -0.27586E+00  0.00000E+00 -0.94728E-04  0.17924E-03  0.25592E-02
 0.55172E-01 -0.27586E+00  0.00000E+00 -0.91942E-04  0.18770E-03  0.26835E-02
 0.68966E-01 -0.27586E+00  0.00000E+00 -0.88510E-04  0.19611E-03  0.28077E-02
 0.82759E-01 -0.27586E+00  0.00000E+00 -0.84402E-04  0.20439E-03  0.29306E-02
 0.96552E-01 -0.27586E+00  0.00000E+00 -0.79601E-04  0.21247E-03  0.30509E-02
 0.11034E+00 -0.27586E+00  0.00000E+00 -0.74096E-04  0.22023E-03  0.31672E-02
 0.12414E+00 -0.27586E+00  0.00000E+00 -0.67890E-04  0.22758E-03  0.32780E-02
 0.13793E+00 -0.27586E+00  0.00000E+00 -0.60998E-04  0.23442E-03  0.33818E-02
 0.15172E+00 -0.27586E+00  0.00000E+00 -0.53450E-04  0.24064E-03  0.34771E-02
 0.16552E+00 -0.27586E+00  0.00000E+00 -0.45290E-04  0.24614E-03  0.35621E-02
 0.17931E+00 -0.27586E+00  0.00000E+00 -0.36577E-04  0.25082E-03  0.36355E-02
 0.19310E+00 -0.27586E+00  0.00000E+00 -0.27386E-04  0.25459E-03  0.36957E-02
 0.20690E+00 -0.27586E+00  0.00000E+00 -0.17808E-04  0.25737E-03  0.37416E-02
 0.22069E+00 -0.27586E+00  0.00000E+00 -0.79432E-05  0.25910E-03  0.37719E-02
 0.23448E+00 -0.27586E+00  0.00000E+00  0.20934E-05  0.25973E-03  0.37860E-02
 0.24828E+00 -0.27586E+00  0.00000E+00  0.12180E-04  0.25922E-03  0.37832E-02
 0.26207E+00 -0.27586E+00  0.00000E+00  0.22189E-04  0.25759E-03  0.37633E-02
 0.27586E+00 -0.27586E+00  0.00000E+00  0.31994E-04  0.25483E-03  0.37266E-02
 0.28966E+00 -0.27586E+00  0.00000E+00  0.41469E-04  0.25100E-03  0.36736E-02
 0.30345E+00 -0.27586E+00  0.00000E+00  0.50497E-04  0.24616E-03  0.36051E-02
 0.31724E+00 -0.27586E+00  0.00000E+00  0.58975E-04  0.24038E-03  0.35224E-02
 0.33103E+00 -0.27586E+00  0.00000E+00  0.66814E-04  0.23378E-03  0.34269E-02
 0.34483E+00 -0.27586E+00  0.00000E+00  0.73943E-04  0.22647E-03  0.33205E-02
 0.35862E+00 -0.27586E+00  0.00000E+00  0.80312E-04  0.21856E-03  0.32049E-02
 0.37241E+00 -0.27586E+00  0.00000E+00  0.85891E-04  0.21020E-03  0.30820E-02
 0.38621E+00 -0.27586E+00  0.00000E+00  0.90670E-04  0.20149E-03  0.29538E-02
 0.40000E+00 -0.27586E+00  0.00000E+00  0.94657E-04  0.19256E-03  0.28222E-02
 0.00000E+00 -0.26207E+00  0.00000E+00 -0.91869E-04  0.14778E-03  0.20185E-02
 0.13793E-01 -0.26207E+00  0.00000E+00 -0.90643E-04  0.15520E-03  0.21221E-02
 0.27586E-01 -0.26207E+00  0.00000E+00 -0.88938E-04  0.16272E-03  0.22275E-02
 0.41379E-01 -0.26207E+00  0.00000E+00 -0.86718E-04  0.17030E-03  0.23339E-02
 0.55172E-01 -0.26207E+00  0.00000E+00 -0.83952E-04  0.17787E-03  0.24408E-02
 0.68966E-01 -0.26207E+00  0.00000E+00 -0.80612E-04  0.18538E-03  0.25470E-02
 0.82759E-01 -0.26207E+00  0.00000E+00 -0.76678E-04  0.19275E-03  0.26517E-02
 0.96552E-01 -0.26207E+00  0.00000E+00 -0.72136E-04  0.19991E-03  0.27538E-02
 0.11034E+00 -0.26207E+00  0.00000E+00 -0.66982E-04  0.20676E-03  0.28521E-02
 0.12414E+00 -0.26207E+00  0.00000E+00 -0.61222E-04  0.21323E-03  0.29455E-02
 0.13793E+00 -0.26207E+00  0.00000E+00 -0.54872E-04  0.21922E-03  0.30325E-02
 0.15172E+00 -0.26207E+00  0.00000E+00 -0.47962E-04  0.22465E-03  0.31120E-02
 0.16552E+00 -0.26207E+00  0.00000E+00 -0.40531E-04  0.22943E-03  0.31827E-02
 0.17931E+00 -0.26207E+00  0.00000E+00 -0.32634E-04  0.23349E-03  0.32433E-02
 0.19310E+00 -0.26207E+00  0.00000E+00 -0.24337E-04  0.23674E-03  0.32929E-02
 0.20690E+00 -0.26207E+00  0.00000E+00 -0.15717E-04  0.23912E-03  0.33303E-02
 0.22069E+00 -0.26207E+00  0.00000E+00 -0.68613E-05  0.24058E-03  0.33548E-02
 0.23448E+00 -0.26207E+00  0.00000E+00  0.21323E-05  0.24108E-03  0.33656E-02
 0.24828E+00 -0.26207E+00  0.00000E+00  0.11161E-04  0.24061E-03  0.33626E-02
 0.26207E+00 -0.26207E+00  0.00000E+00  0.20119E-04  0.23915E-03  0.33454E-02
 0.27586E+00 -0.26207E+00  0.00000E+00  0.28900E-04  0.23673E-03  0.33143E-02
 0.28966E+00 -0.26207E+00  0.00000E+00  0.37399E-04  0.23337E-03  0.32697E-02
 0.30345E+00 -0.26207E+00  0.00000E+00  0.45519E-04  0.22914E-03  0.32124E-02
 0.31724E+00 -0.26207E+00  0.00000E+00  0.53173E-04  0.22409E-03  0.31432E-02
 0.33103E+00 -0.26207E+00  0.00000E+00  0.60286E-04  0.21832E-03  0.30633E-02
 0.34483E+00 -0.26207E+00  0.00000E+00  0.66797E-04  0.21192E-03  0.29741E-02
 0.35862E+00 -0.26207E+00  0.00000E+00  0.72662E-04  0.20498E-03  0.28771E-02
 0.37241E+00 -0.26207E+00  0.00000E+00  0.77853E-04  0.19762E-03  0.27738E-02
 0.38621E+00 -0.26207E+00  0.00000E+00  0.82356E-04  0.18993E-03  0.26656E-02
 0.40000E+00 -0.26207E+00  0.00000E+00  0.86176E-04  0.18202E-03  0.25541E-02
 0.00000E+00 -0.24828E+00  0.00000E+00 -0.84859E-04  0.14151E-03  0.18587E-02
 0.13793E-01 -0.24828E+00  0.00000E+00 -0.83523E-04  0.14824E-03  0.19491E-02
 0.27586E-01 -0.24828E+00  0.00000E+00 -0.81753E-04  0.15505E-03  0.20407E-02
 0.41379E-01 -0.24828E+00  0.00000E+00 -0.79520E-04  0.16187E-03  0.21328E-02
 0.55172E-01 -0.24828E+00  0.00000E+00 -0.76798E-04  0.16868E-03  0.22249E-02
 0.68966E-01 -0.24828E+00  0.00000E+00 -0.73568E-04  0.17539E-03  0.23162E-02
 0.82759E-01 -0.24828E+00  0.00000E+00 -0.69813E-04  0.18196E-03  0.24058E-02
 0.96552E-01 -0.24828E+00  0.00000E+00 -0.65526E-04  0.18831E-03  0.24928E-02
 0.11034E+00 -0.24828E+00  0.00000E+00 -0.60705E-04  0.19438E-03  0.25762E-02
 0.12414E+00 -0.24828E+00  0.00000E+00 -0.55360E-04  0.20008E-03  0.26551E-02
 0.13793E+00 -0.24828E+00  0.00000E+00 -0.49506E-04  0.20535E-03  0.27284E-02
 0.15172E+00 -0.24828E+00  0.00000E+00 -0.43171E-04  0.21011E-03  0.27951E-02
 0.16552E+00 -0.24828E+00  0.00000E+00 -0.36394E-04  0.21428E-03  0.28542E-02
 0.17931E+00 -0.24828E+00  0.00000E+00 -0.29221E-04  0.21780E-03  0.29047E-02
 0.19310E+00 -0.24828E+00  0.00000E+00 -0.21710E-04  0.22062E-03  0.29457E-02
 0.20690E+00 -0.24828E+00  0.00000E+00 -0.13930E-04  0.22267E-03  0.29764E-02
 0.22069E+00 -0.24828E+00  0.00000E+00 -0.59559E-05  0.22391E-03  0.29963E-02
 0.23448E+00 -0.24828E+00  0.00000E+00  0.21306E-05  0.22432E-03  0.30048E-02
 0.24828E+00 -0.24828E+00  0.00000E+00  0.10242E-04  0.22387E-03  0.30017E-02
 0.26207E+00 -0.24828E+00  0.00000E+00  0.18289E-04  0.22257E-03  0.29868E-02
 0.27586E+00 -0.24828E+00  0.00000E+00  0.26181E-04  0.22043E-03  0.29604E-02
 0.28966E+00 -0.24828E+00  0.00000E+00  0.33832E-04  0.21749E-03  0.29227E-02
 0.30345E+00 -0.24828E+00  0.00000E+00  0.41161E-04  0.21377E-03  0.28744E-02
 0.31724E+00 -0.24828E+00  0.00000E+00  0.48092E-04  0.20935E-03  0.28161E-02
 0.33103E+00 -0.24828E+00  0.00000E+00  0.54563E-04  0.20428E-03  0.27489E-02
 0.34483E+00 -0.24828E+00  0.00000E+00  0.60522E-04  0.19865E-03  0.26738E-02
 0.35862E+00 -0.24828E+00  0.00000E+00  0.65929E-04  0.19254E-03  0.25919E-02
 0.37241E+00 -0.24828E+00  0.00000E+00  0.70758E-04  0.18604E-03  0.25045E-02
 0.38621E+00 -0.24828E+00  0.00000E+00  0.74994E-04  0.17923E-03  0.24127E-02
 0.40000E+00 -0.24828E+00  0.00000E+00  0.78638E-04  0.17221E-03  0.23177E-02
 0.00000E+00 -0.23448E+00  0.00000E+00 -0.78479E-04  0.13551E-03  0.17141E-02
 0.13793E-01 -0.23448E+00  0.00000E+00 -0.77067E-04  0.14163E-03  0.17931E-02
 0.27586E-01 -0.23448E+00  0.00000E+00 -0.75262E-04  0.14779E-03  0.18729E-02
 0.41379E-01 -0.23448E+00  0.00000E+00 -0.73040E-04  0.15395E-03  0.19529E-02
 0.55172E-01 -0.23448E+00  0.00000E+00 -0.70382E-04  0.16007E-03  0.20326E-02
 0.68966E-01 -0.23448E+00  0.00000E+00 -0.67272E-04  0.16609E-03  0.21112E-02
 0.82759E-01 -0.23448E+00  0.00000E+00 -0.63700E-04  0.17195E-03  0.21881E-02
 0.96552E-01 -0.23448E+00  0.00000E+00 -0.59659E-04  0.17761E-03  0.22626E-02
 0.11034E+00 -0.23448E+00  0.00000E+00 -0.55154E-04  0.18299E-03  0.23337E-02
 0.12414E+00 -0.23448E+00  0.00000E+00 -0.50191E-04  0.18803E-03  0.24007E-02
 0.13793E+00 -0.23448E+00  0.00000E+00 -0.44790E-04  0.19267E-03  0.24628E-02
 0.15172E+00 -0.23448E+00  0.00000E+00 -0.38976E-04  0.19685E-03  0.25190E-02
 0.16552E+00 -0.23448E+00  0.00000E+00 -0.32783E-04  0.20051E-03  0.25686E-02
 0.17931E+00 -0.23448E+00  0.00000E+00 -0.26253E-04  0.20359E-03  0.26109E-02
 0.19310E+00 -0.23448E+00  0.00000E+00 -0.19439E-04  0.20603E-03  0.26450E-02
 0.20690E+00 -0.23448E+00  0.00000E+00 -0.12397E-04  0.20780E-03  0.26705E-02
 0.22069E+00 -0.23448E+00  0.00000E+00 -0.51939E-05  0.20886E-03  0.26867E-02
 0.23448E+00 -0.23448E+00  0.00000E+00  0.21005E-05  0.20919E-03  0.26934E-02
 0.24828E+00 -0.23448E+00  0.00000E+00  0.94122E-05  0.20878E-03  0.26903E-02
 0.26207E+00 -0.23448E+00  0.00000E+00  0.16665E-04  0.20762E-03  0.26774E-02
 0.27586E+00 -0.23448E+00  0.00000E+00  0.23784E-04  0.20573E-03  0.26548E-02
 0.28966E+00 -0.23448E+00  0.00000E+00  0.30696E-04  0.20313E-03  0.26228E-02
 0.30345E+00 -0.23448E+00  0.00000E+00  0.37331E-04  0.19985E-03  0.25819E-02
 0.31724E+00 -0.23448E+00  0.00000E+00  0.43627E-04  0.19596E-03  0.25326E-02
 0.33103E+00 -0.23448E+00  0.00000E+00  0.49529E-04  0.19150E-03  0.24757E-02
 0.34483E+00 -0.23448E+00  0.00000E+00  0.54993E-04  0.18653E-03  0.24121E-02
 0.35862E+00 -0.23448E+00  0.00000E+00  0.59983E-04  0.18113E-03  0.23426E-02
 0.37241E+00 -0.23448E+00  0.00000E+00  0.64475E-04  0.17537E-03  0.22683E-02
 0.38621E+00 -0.23448E+00  0.00000E+00  0.68455E-04  0.16933E-03  0.21900E-02
 0.40000E+00 -0.23448E+00  0.00000E+00  0.71920E-04  0.16307E-03  0.21088E-02
 0.00000E+00 -0.22069E+00  0.00000E+00 -0.72669E-04  0.12978E-03  0.15830E-02
 0.13793E-01 -0.22069E+00  0.00000E+00 -0.71208E-04  0.13535E-03  0.16523E-02
 0.27586E-01 -0.22069E+00  0.00000E+00 -0.69391E-04  0.14093E-03  0.17220E-02
 0.41379E-01 -0.22069E+00  0.00000E+00 -0.67200E-04  0.14650E-03  0.17917E-02
 0.55172E-01 -0.22069E+00  0.00000E+00 -0.64618E-04  0.15201E-03  0.18608E-02
 0.68966E-01 -0.22069E+00  0.00000E+00 -0.61635E-04  0.15741E-03  0.19288E-02
 0.82759E-01 -0.22069E+00  0.00000E+00 -0.58243E-04  0.16266E-03  0.19950E-02
 0.96552E-01 -0.22069E+00  0.00000E+00 -0.54440E-04  0.16771E-03  0.20589E-02
 0.11034E+00 -0.22069E+00  0.00000E+00 -0.50230E-04  0.17249E-03  0.21198E-02
 0.12414E+00 -0.22069E+00  0.00000E+00 -0.45622E-04  0.17696E-03  0.21770E-02
 0.13793E+00 -0.22069E+00  0.00000E+00 -0.40634E-04  0.18107E-03  0.22298E-02
 0.15172E+00 -0.22069E+00  0.00000E+00 -0.35290E-04  0.18475E-03  0.22774E-02
 0.16552E+00 -0.22069E+00  0.00000E+00 -0.29620E-04  0.18797E-03  0.23193E-02
 0.17931E+00 -0.22069E+00  0.00000E+00 -0.23664E-04  0.19066E-03  0.23548E-02
 0.19310E+00 -0.22069E+00  0.00000E+00 -0.17465E-04  0.19280E-03  0.23834E-02
 0.20690E+00 -0.22069E+00  0.00000E+00 -0.11075E-04  0.19433E-03  0.24046E-02
 0.22069E+00 -0.22069E+00  0.00000E+00 -0.45494E-05  0.19524E-03  0.24180E-02
 0.23448E+00 -0.22069E+00  0.00000E+00  0.20509E-05  0.19551E-03  0.24233E-02
 0.24828E+00 -0.22069E+00  0.00000E+00  0.86629E-05  0.19513E-03  0.24204E-02
 0.26207E+00 -0.22069E+00  0.00000E+00  0.15222E-04  0.19409E-03  0.24091E-02
 0.27586E+00 -0.22069E+00  0.00000E+00  0.21664E-04  0.19241E-03  0.23898E-02
 0.28966E+00 -0.22069E+00  0.00000E+00  0.27927E-04  0.19011E-03  0.23625E-02
 0.30345E+00 -0.22069E+00  0.00000E+00  0.33953E-04  0.18722E-03  0.23276E-02
 0.31724E+00 -0.22069E+00  0.00000E+00  0.39687E-04  0.18378E-03  0.22857E-02
 0.33103E+00 -0.22069E+00  0.00000E+00  0.45084E-04  0.17983E-03  0.22373E-02
 0.34483E+00 -0.22069E+00  0.00000E+00  0.50103E-04  0.17544E-03  0.21831E-02
 0.35862E+00 -0.22069E+00  0.00000E+00  0.54714E-04  0.17065E-03  0.21239E-02
 0.37241E+00 -0.22069E+00  0.00000E+00  0.58895E-04  0.16553E-03  0.20603E-02
 0.38621E+00 -0.22069E+00  0.00000E+00  0.62632E-04  0.16015E-03  0.19933E-02
 0.40000E+00 -0.22069E+00  0.00000E+00  0.65919E-04  0.15456E-03  0.19236E-02
 0.00000E+00 -0.20690E+00  0.00000E+00 -0.67371E-04  0.12432E-03  0.14641E-02
 0.13793E-01 -0.20690E+00  0.00000E+00 -0.65884E-04  0.12939E-03  0.15250E-02
 0.27586E-01 -0.20690E+00  0.00000E+00 -0.64074E-04  0.13446E-03  0.15860E-02
 0.41379E-01 -0.20690E+00  0.00000E+00 -0.61927E-04  0.13950E-03  0.16468E-02
 0.55172E-01 -0.20690E+00  0.00000E+00 -0.59431E-04  0.14447E-03  0.17070E-02
 0.68966E-01 -0.20690E+00  0.00000E+00 -0.56578E-04  0.14933E-03  0.17659E-02
 0.82759E-01 -0.20690E+00  0.00000E+00 -0.53363E-04  0.15403E-03  0.18232E-02
 0.96552E-01 -0.20690E+00  0.00000E+00 -0.49786E-04  0.15854E-03  0.18783E-02
 0.11034E+00 -0.20690E+00  0.00000E+00 -0.45851E-04  0.16281E-03  0.19306E-02
 0.12414E+00 -0.20690E+00  0.00000E+00 -0.41571E-04  0.16679E-03  0.19796E-02
 0.13793E+00 -0.20690E+00  0.00000E+00 -0.36960E-04  0.17043E-03  0.20246E-02
 0.15172E+00 -0.20690E+00  0.00000E+00 -0.32040E-04  0.17369E-03  0.20652E-02
 0.16552E+00 -0.20690E+00  0.00000E+00 -0.26841E-04  0.17652E-03  0.21008E-02
 0.17931E+00 -0.20690E+00  0.00000E+00 -0.21396E-04  0.17889E-03  0.21308E-02
 0.19310E+00 -0.20690E+00  0.00000E+00 -0.15744E-04  0.18076E-03  0.21549E-02
 0.20690E+00 -0.20690E+00  0.00000E+00 -0.99293E-05  0.18210E-03  0.21726E-02
 0.22069E+00 -0.20690E+00  0.00000E+00 -0.40013E-05  0.18288E-03  0.21837E-02
 0.23448E+00 -0.20690E+00  0.00000E+00  0.19883E-05  0.18310E-03  0.21879E-02
 0.24828E+00 -0.20690E+00  0.00000E+00  0.79857E-05  0.18275E-03  0.21852E-02
 0.26207E+00 -0.20690E+00  0.00000E+00  0.13936E-04  0.18182E-03  0.21754E-02
 0.27586E+00 -0.20690E+00  0.00000E+00  0.19783E-04  0.18032E-03  0.21587E-02
 0.28966E+00 -0.20690E+00  0.00000E+00  0.25476E-04  0.17828E-03  0.21353E-02
 0.30345E+00 -0.20690E+00  0.00000E+00  0.30963E-04  0.17572E-03  0.21055E-02
 0.31724E+00 -0.20690E+00  0.00000E+00  0.36200E-04  0.17266E-03  0.20697E-02
 0.33103E+00 -0.20690E+00  0.00000E+00  0.41145E-04  0.16916E-03  0.20283E-02
 0.34483E+00 -0.20690E+00  0.00000E+00  0.45765E-04  0.16526E-03  0.19819E-02
 0.35862E+00 -0.20690E+00  0.00000E+00  0.50031E-04  0.16100E-03  0.19312E-02
 0.37241E+00 -0.20690E+00  0.00000E+00  0.53924E-04  0.15644E-03  0.18766E-02
 0.38621E+00 -0.20690E+00  0.00000E+00  0.57430E-04  0.15163E-03  0.18190E-02
 0.40000E+00 -0.20690E+00  0.00000E+00  0.60543E-04  0.14663E-03  0.17588E-02
 0.00000E+00 -0.19310E+00  0.00000E+00 -0.62537E-04  0.11912E-03  0.13561E-02
 0.13793E-01 -0.19310E+00  0.00000E+00 -0.61040E-04  0.12374E-03  0.14097E-02
 0.27586E-01 -0.19310E+00  0.00000E+00 -0.59251E-04  0.12835E-03  0.14633E-02
 0.41379E-01 -0.19310E+00  0.00000E+00 -0.57159E-04  0.13291E-03  0.15165E-02
 0.55172E-01 -0.19310E+00  0.00000E+00 -0.54754E-04  0.13740E-03  0.15690E-02
 0.68966E-01 -0.19310E+00  0.00000E+00 -0.52032E-04  0.14178E-03  0.16202E-02
 0.82759E-01 -0.19310E+00  0.00000E+00 -0.48988E-04  0.14601E-03  0.16699E-02
 0.96552E-01 -0.19310E+00  0.00000E+00 -0.45625E-04  0.15006E-03  0.17176E-02
 0.11034E+00 -0.19310E+00  0.00000E+00 -0.41948E-04  0.15387E-03  0.17627E-02
 0.12414E+00 -0.19310E+00  0.00000E+00 -0.37969E-04  0.15741E-03  0.18048E-02
 0.13793E+00 -0.19310E+00  0.00000E+00 -0.33701E-04  0.16065E-03  0.18434E-02
 0.15172E+00 -0.19310E+00  0.00000E+00 -0.29167E-04  0.16354E-03  0.18781E-02
 0.16552E+00 -0.19310E+00  0.00000E+00 -0.24390E-04  0.16605E-03  0.19084E-02
 0.17931E+00 -0.19310E+00  0.00000E+00 -0.19402E-04  0.16814E-03  0.19340E-02
 0.19310E+00 -0.19310E+00  0.00000E+00 -0.14236E-04  0.16978E-03  0.19543E-02
 0.20690E+00 -0.19310E+00  0.00000E+00 -0.89327E-05  0.17095E-03  0.19693E-02
 0.22069E+00 -0.19310E+00  0.00000E+00 -0.35332E-05  0.17163E-03  0.19785E-02
 0.23448E+00 -0.19310E+00  0.00000E+00  0.19176E-05  0.17181E-03  0.19819E-02
 0.24828E+00 -0.19310E+00  0.00000E+00  0.73730E-05  0.17149E-03  0.19793E-02
 0.26207E+00 -0.19310E+00  0.00000E+00  0.12786E-04  0.17065E-03  0.19708E-02
 0.27586E+00 -0.19310E+00  0.00000E+00  0.18109E-04  0.16931E-03  0.19564E-02
 0.28966E+00 -0.19310E+00  0.00000E+00  0.23298E-04  0.16750E-03  0.19362E-02
 0.30345E+00 -0.19310E+00  0.00000E+00  0.28309E-04  0.16522E-03  0.19106E-02
 0.31724E+00 -0.19310E+00  0.00000E+00  0.33103E-04  0.16250E-03  0.18798E-02
 0.33103E+00 -0.19310E+00  0.00000E+00  0.37644E-04  0.15939E-03  0.18443E-02
 0.34483E+00 -0.19310E+00  0.00000E+00  0.41903E-04  0.15591E-03  0.18045E-02
 0.35862E+00 -0.19310E+00  0.00000E+00  0.45856E-04  0.15211E-03  0.17608E-02
 0.37241E+00 -0.19310E+00  0.00000E+00  0.49484E-04  0.14804E-03  0.17138E-02
 0.38621E+00 -0.19310E+00  0.00000E+00  0.52773E-04  0.14373E-03  0.16640E-02
 0.40000E+00 -0.19310E+00  0.00000E+00  0.55718E-04  0.13924E-03  0.16119E-02
 0.00000E+00 -0.17931E+00  0.00000E+00 -0.58120E-04  0.11417E-03  0.12577E-02
 0.13793E-01 -0.17931E+00  0.00000E+00 -0.56627E-04  0.11838E-03  0.13051E-02
 0.27586E-01 -0.17931E+00  0.00000E+00 -0.54870E-04  0.12258E-03  0.13522E-02
 0.41379E-01 -0.17931E+00  0.00000E+00 -0.52840E-04  0.12673E-03  0.13989E-02
 0.55172E-01 -0.17931E+00  0.00000E+00 -0.50531E-04  0.13079E-03  0.14448E-02
 0.68966E-01 -0.17931E+00  0.00000E+00 -0.47937E-04  0.13474E-03  0.14896E-02
 0.82759E-01 -0.17931E+00  0.00000E+00 -0.45058E-04  0.13855E-03  0.15328E-02
 0.96552E-01 -0.17931E+00  0.00000E+00 -0.41897E-04  0.14218E-03  0.15742E-02
 0.11034E+00 -0.17931E+00  0.00000E+00 -0.38461E-04  0.14560E-03  0.16132E-02
 0.12414E+00 -0.17931E+00  0.00000E+00 -0.34758E-04  0.14877E-03  0.16496E-02
 0.13793E+00 -0.17931E+00  0.00000E+00 -0.30804E-04  0.15165E-03  0.16828E-02
 0.15172E+00 -0.17931E+00  0.00000E+00 -0.26618E-04  0.15422E-03  0.17126E-02
 0.16552E+00 -0.17931E+00  0.00000E+00 -0.22221E-04  0.15645E-03  0.17386E-02
 0.17931E+00 -0.17931E+00  0.00000E+00 -0.17642E-04  0.15830E-03  0.17604E-02
 0.19310E+00 -0.17931E+00  0.00000E+00 -0.12911E-04  0.15974E-03  0.17777E-02
 0.20690E+00 -0.17931E+00  0.00000E+00 -0.80622E-05  0.16077E-03  0.17903E-02
 0.22069E+00 -0.17931E+00  0.00000E+00 -0.31314E-05  0.16137E-03  0.17981E-02
 0.23448E+00 -0.17931E+00  0.00000E+00  0.18421E-05  0.16152E-03  0.18008E-02
 0.24828E+00 -0.17931E+00  0.00000E+00  0.68181E-05  0.16121E-03  0.17984E-02
 0.26207E+00 -0.17931E+00  0.00000E+00  0.11756E-04  0.16046E-03  0.17910E-02
 0.27586E+00 -0.17931E+00  0.00000E+00  0.16615E-04  0.15927E-03  0.17784E-02
 0.28966E+00 -0.17931E+00  0.00000E+00  0.21357E-04  0.15764E-03  0.17610E-02
 0.30345E+00 -0.17931E+00  0.00000E+00  0.25944E-04  0.15561E-03  0.17389E-02
 0.31724E+00 -0.17931E+00  0.00000E+00  0.30343E-04  0.15319E-03  0.17124E-02
 0.33103E+00 -0.17931E+00  0.00000E+00  0.34523E-04  0.15041E-03  0.16818E-02
 0.34483E+00 -0.17931E+00  0.00000E+00  0.38457E-04  0.14730E-03  0.16474E-02
 0.35862E+00 -0.17931E+00  0.00000E+00  0.42123E-04  0.14390E-03  0.16096E-02
 0.37241E+00 -0.17931E+00  0.00000E+00  0.45506E-04  0.14025E-03  0.15689E-02
 0.38621E+00 -0.17931E+00  0.00000E+00  0.48592E-04  0.13638E-03  0.15257E-02
 0.40000E+00 -0.17931E+00  0.00000E+00  0.51376E-04  0.13234E-03  0.14805E-02
 0.00000E+00 -0.16552E+00  0.00000E+00 -0.54082E-04  0.10946E-03  0.11681E-02
 0.13793E-01 -0.16552E+00  0.00000E+00 -0.52603E-04  0.11332E-03  0.12100E-02
 0.27586E-01 -0.16552E+00  0.00000E+00 -0.50886E-04  0.11714E-03  0.12516E-02
 0.41379E-01 -0.16552E+00  0.00000E+00 -0.48923E-04  0.12091E-03  0.12927E-02
 0.55172E-01 -0.16552E+00  0.00000E+00 -0.46709E-04  0.12459E-03  0.13330E-02
 0.68966E-01 -0.16552E+00  0.00000E+00 -0.44242E-04  0.12817E-03  0.13722E-02
 0.82759E-01 -0.16552E+00  0.00000E+00 -0.41521E-04  0.13160E-03  0.14099E-02
 0.96552E-01 -0.16552E+00  0.00000E+00 -0.38550E-04  0.13487E-03  0.14459E-02
 0.11034E+00 -0.16552E+00  0.00000E+00 -0.35336E-04  0.13794E-03  0.14798E-02
 0.12414E+00 -0.16552E+00  0.00000E+00 -0.31888E-04  0.14078E-03  0.15113E-02
 0.13793E+00 -0.16552E+00  0.00000E+00 -0.28220E-04  0.14336E-03  0.15400E-02
 0.15172E+00 -0.16552E+00  0.00000E+00 -0.24350E-04  0.14565E-03  0.15657E-02
 0.16552E+00 -0.16552E+00  0.00000E+00 -0.20297E-04  0.14763E-03  0.15880E-02
 0.17931E+00 -0.16552E+00  0.00000E+00 -0.16086E-04  0.14927E-03  0.16067E-02
 0.19310E+00 -0.16552E+00  0.00000E+00 -0.11743E-04  0.15055E-03  0.16215E-02
 0.20690E+00 -0.16552E+00  0.00000E+00 -0.72988E-05  0.15146E-03  0.16323E-02
 0.22069E+00 -0.16552E+00  0.00000E+00 -0.27851E-05  0.15198E-03  0.16388E-02
 0.23448E+00 -0.16552E+00  0.00000E+00  0.17643E-05  0.15210E-03  0.16410E-02
 0.24828E+00 -0.16552E+00  0.00000E+00  0.63148E-05  0.15182E-03  0.16388E-02
 0.26207E+00 -0.16552E+00  0.00000E+00  0.10831E-04  0.15115E-03  0.16323E-02
 0.27586E+00 -0.16552E+00  0.00000E+00  0.15278E-04  0.15007E-03  0.16214E-02
 0.28966E+00 -0.16552E+00  0.00000E+00  0.19623E-04  0.14862E-03  0.16063E-02
 0.30345E+00 -0.16552E+00  0.00000E+00  0.23832E-04  0.14680E-03  0.15871E-02
 0.31724E+00 -0.16552E+00  0.00000E+00  0.27877E-04  0.14463E-03  0.15642E-02
 0.33103E+00 -0.16552E+00  0.00000E+00  0.31731E-04  0.14214E-03  0.15376E-02
 0.34483E+00 -0.16552E+00  0.00000E+00  0.35371E-04  0.13936E-03  0.15078E-02
 0.35862E+00 -0.16552E+00  0.00000E+00  0.38777E-04  0.13631E-03  0.14750E-02
 0.37241E+00 -0.16552E+00  0.00000E+00  0.41934E-04  0.13303E-03  0.14397E-02
 0.38621E+00 -0.16552E+00  0.00000E+00  0.44830E-04  0.12955E-03  0.14021E-02
 0.40000E+00 -0.16552E+00  0.00000E+00  0.47459E-04  0.12590E-03  0.13626E-02
 0.00000E+00 -0.15172E+00  0.00000E+00 -0.50384E-04  0.10499E-03  0.10864E-02
 0.13793E-01 -0.15172E+00  0.00000E+00 -0.48929E-04  0.10852E-03  0.11235E-02
 0.27586E-01 -0.15172E+00  0.00000E+00 -0.47258E-04  0.11201E-03  0.11603E-02
 0.41379E-01 -0.15172E+00  0.00000E+00 -0.45365E-04  0.11544E-03  0.11966E-02
 0.55172E-01 -0.15172E+00  0.00000E+00 -0.43246E-04  0.11878E-03  0.12320E-02
 0.68966E-01 -0.15172E+00  0.00000E+00 -0.40901E-04  0.12202E-03  0.12664E-02
 0.82759E-01 -0.15172E+00  0.00000E+00 -0.38331E-04  0.12513E-03  0.12994E-02
 0.96552E-01 -0.15172E+00  0.00000E+00 -0.35538E-04  0.12808E-03  0.13308E-02
 0.11034E+00 -0.15172E+00  0.00000E+00 -0.32531E-04  0.13084E-03  0.13604E-02
 0.12414E+00 -0.15172E+00  0.00000E+00 -0.29317E-04  0.13339E-03  0.13878E-02
 0.13793E+00 -0.15172E+00  0.00000E+00 -0.25911E-04  0.13570E-03  0.14127E-02
 0.15172E+00 -0.15172E+00  0.00000E+00 -0.22327E-04  0.13775E-03  0.14349E-02
 0.16552E+00 -0.15172E+00  0.00000E+00 -0.18584E-04  0.13951E-03  0.14542E-02
 0.17931E+00 -0.15172E+00  0.00000E+00 -0.14703E-04  0.14098E-03  0.14703E-02
 0.19310E+00 -0.15172E+00  0.00000E+00 -0.10709E-04  0.14212E-03  0.14830E-02
 0.20690E+00 -0.15172E+00  0.00000E+00 -0.66268E-05  0.14292E-03  0.14922E-02
 0.22069E+00 -0.15172E+00  0.00000E+00 -0.24854E-05  0.14337E-03  0.14977E-02
 0.23448E+00 -0.15172E+00  0.00000E+00  0.16862E-05  0.14347E-03  0.14995E-02
 0.24828E+00 -0.15172E+00  0.00000E+00  0.58576E-05  0.14322E-03  0.14975E-02
 0.26207E+00 -0.15172E+00  0.00000E+00  0.99984E-05  0.14260E-03  0.14917E-02
 0.27586E+00 -0.15172E+00  0.00000E+00  0.14078E-04  0.14164E-03  0.14822E-02
 0.28966E+00 -0.15172E+00  0.00000E+00  0.18068E-04  0.14033E-03  0.14691E-02
 0.30345E+00 -0.15172E+00  0.00000E+00  0.21940E-04  0.13870E-03  0.14524E-02
 0.31724E+00 -0.15172E+00  0.00000E+00  0.25668E-04  0.13676E-03  0.14324E-02
 0.33103E+00 -0.15172E+00  0.00000E+00  0.29228E-04  0.13452E-03  0.14094E-02
 0.34483E+00 -0.15172E+00  0.00000E+00  0.32601E-04  0.13202E-03  0.13834E-02
 0.35862E+00 -0.15172E+00  0.00000E+00  0.35769E-04  0.12928E-03  0.13549E-02
 0.37241E+00 -0.15172E+00  0.00000E+00  0.38718E-04  0.12633E-03  0.13241E-02
 0.38621E+00 -0.15172E+00  0.00000E+00  0.41437E-04  0.12318E-03  0.12912E-02
 0.40000E+00 -0.15172E+00  0.00000E+00  0.43920E-04  0.11989E-03  0.12567E-02
 0.00000E+00 -0.13793E+00  0.00000E+00 -0.46994E-04  0.10074E-03  0.10117E-02
 0.13793E-01 -0.13793E+00  0.00000E+00 -0.45569E-04  0.10397E-03  0.10447E-02
 0.27586E-01 -0.13793E+00  0.00000E+00 -0.43948E-04  0.10716E-03  0.10773E-02
 0.41379E-01 -0.13793E+00  0.00000E+00 -0.42126E-04  0.11029E-03  0.11093E-02
 0.55172E-01 -0.13793E+00  0.00000E+00 -0.40102E-04  0.11333E-03  0.11406E-02
 0.68966E-01 -0.13793E+00  0.00000E+00 -0.37875E-04  0.11627E-03  0.11709E-02
 0.82759E-01 -0.13793E+00  0.00000E+00 -0.35447E-04  0.11909E-03  0.11999E-02
 0.96552E-01 -0.13793E+00  0.00000E+00 -0.32822E-04  0.12175E-03  0.12274E-02
 0.11034E+00 -0.13793E+00  0.00000E+00 -0.30005E-04  0.12424E-03  0.12532E-02
 0.12414E+00 -0.13793E+00  0.00000E+00 -0.27008E-04  0.12654E-03  0.12771E-02
 0.13793E+00 -0.13793E+00  0.00000E+00 -0.23840E-04  0.12861E-03  0.12988E-02
 0.15172E+00 -0.13793E+00  0.00000E+00 -0.20517E-04  0.13045E-03  0.13181E-02
 0.16552E+00 -0.13793E+00  0.00000E+00 -0.17054E-04  0.13203E-03  0.13348E-02
 0.17931E+00 -0.13793E+00  0.00000E+00 -0.13472E-04  0.13334E-03  0.13487E-02
 0.19310E+00 -0.13793E+00  0.00000E+00 -0.97904E-05  0.13435E-03  0.13597E-02
 0.20690E+00 -0.13793E+00  0.00000E+00 -0.60333E-05  0.13506E-03  0.13676E-02
 0.22069E+00 -0.13793E+00  0.00000E+00 -0.22250E-05  0.13547E-03  0.13723E-02
 0.23448E+00 -0.13793E+00  0.00000E+00  0.16088E-05  0.13555E-03  0.13738E-02
 0.24828E+00 -0.13793E+00  0.00000E+00  0.54417E-05  0.13531E-03  0.13719E-02
 0.26207E+00 -0.13793E+00  0.00000E+00  0.92472E-05  0.13476E-03  0.13668E-02
 0.27586E+00 -0.13793E+00  0.00000E+00  0.12999E-04  0.13389E-03  0.13585E-02
 0.28966E+00 -0.13793E+00  0.00000E+00  0.16671E-04  0.13271E-03  0.13470E-02
 0.30345E+00 -0.13793E+00  0.00000E+00  0.20240E-04  0.13124E-03  0.13325E-02
 0.31724E+00 -0.13793E+00  0.00000E+00  0.23682E-04  0.12949E-03  0.13150E-02
 0.33103E+00 -0.13793E+00  0.00000E+00  0.26978E-04  0.12748E-03  0.12949E-02
 0.34483E+00 -0.13793E+00  0.00000E+00  0.30108E-04  0.12523E-03  0.12722E-02
 0.35862E+00 -0.13793E+00  0.00000E+00  0.33059E-04  0.12276E-03  0.12473E-02
 0.37241E+00 -0.13793E+00  0.00000E+00  0.35816E-04  0.12009E-03  0.12203E-02
 0.38621E+00 -0.13793E+00  0.00000E+00  0.38370E-04  0.11725E-03  0.11915E-02
 0.40000E+00 -0.13793E+00  0.00000E+00  0.40714E-04  0.11426E-03  0.11612E-02
 0.00000E+00 -0.12414E+00  0.00000E+00 -0.43884E-04  0.96709E-04  0.94333E-03
 0.13793E-01 -0.12414E+00  0.00000E+00 -0.42493E-04  0.99671E-04  0.97270E-03
 0.27586E-01 -0.12414E+00  0.00000E+00 -0.40925E-04  0.10259E-03  0.10017E-02
 0.41379E-01 -0.12414E+00  0.00000E+00 -0.39175E-04  0.10544E-03  0.10301E-02
 0.55172E-01 -0.12414E+00  0.00000E+00 -0.37243E-04  0.10822E-03  0.10577E-02
 0.68966E-01 -0.12414E+00  0.00000E+00 -0.35129E-04  0.11089E-03  0.10844E-02
 0.82759E-01 -0.12414E+00  0.00000E+00 -0.32836E-04  0.11345E-03  0.11100E-02
 0.96552E-01 -0.12414E+00  0.00000E+00 -0.30366E-04  0.11586E-03  0.11342E-02
 0.11034E+00 -0.12414E+00  0.00000E+00 -0.27728E-04  0.11811E-03  0.11568E-02
 0.12414E+00 -0.12414E+00  0.00000E+00 -0.24929E-04  0.12018E-03  0.11777E-02
 0.13793E+00 -0.12414E+00  0.00000E+00 -0.21980E-04  0.12205E-03  0.11967E-02
 0.15172E+00 -0.12414E+00  0.00000E+00 -0.18893E-04  0.12370E-03  0.12135E-02
 0.16552E+00 -0.12414E+00  0.00000E+00 -0.15685E-04  0.12512E-03  0.12280E-02
 0.17931E+00 -0.12414E+00  0.00000E+00 -0.12372E-04  0.12629E-03  0.12401E-02
 0.19310E+00 -0.12414E+00  0.00000E+00 -0.89725E-05  0.12720E-03  0.12496E-02
 0.20690E+00 -0.12414E+00  0.00000E+00 -0.55073E-05  0.12783E-03  0.12564E-02
 0.22069E+00 -0.12414E+00  0.00000E+00 -0.19979E-05  0.12818E-03  0.12604E-02
 0.23448E+00 -0.12414E+00  0.00000E+00  0.15332E-05  0.12825E-03  0.12616E-02
 0.24828E+00 -0.12414E+00  0.00000E+00  0.50629E-05  0.12803E-03  0.12600E-02
 0.26207E+00 -0.12414E+00  0.00000E+00  0.85678E-05  0.12753E-03  0.12554E-02
 0.27586E+00 -0.12414E+00  0.00000E+00  0.12025E-04  0.12674E-03  0.12481E-02
 0.28966E+00 -0.12414E+00  0.00000E+00  0.15412E-04  0.12568E-03  0.12380E-02
 0.30345E+00 -0.12414E+00  0.00000E+00  0.18708E-04  0.12436E-03  0.12253E-02
 0.31724E+00 -0.12414E+00  0.00000E+00  0.21893E-04  0.12278E-03  0.12100E-02
 0.33103E+00 -0.12414E+00  0.00000E+00  0.24949E-04  0.12097E-03  0.11924E-02
 0.34483E+00 -0.12414E+00  0.00000E+00  0.27859E-04  0.11893E-03  0.11726E-02
 0.35862E+00 -0.12414E+00  0.00000E+00  0.30610E-04  0.11670E-03  0.11507E-02
 0.37241E+00 -0.12414E+00  0.00000E+00  0.33190E-04  0.11428E-03  0.11270E-02
 0.38621E+00 -0.12414E+00  0.00000E+00  0.35591E-04  0.11171E-03  0.11017E-02
 0.40000E+00 -0.12414E+00  0.00000E+00  0.37805E-04  0.10900E-03  0.10750E-02
 0.00000E+00 -0.11034E+00  0.00000E+00 -0.41027E-04  0.92878E-04  0.88071E-03
 0.13793E-01 -0.11034E+00  0.00000E+00 -0.39674E-04  0.95598E-04  0.90692E-03
 0.27586E-01 -0.11034E+00  0.00000E+00 -0.38159E-04  0.98272E-04  0.93272E-03
 0.41379E-01 -0.11034E+00  0.00000E+00 -0.36481E-04  0.10088E-03  0.95795E-03
 0.55172E-01 -0.11034E+00  0.00000E+00 -0.34639E-04  0.10341E-03  0.98246E-03
 0.68966E-01 -0.11034E+00  0.00000E+00 -0.32633E-04  0.10585E-03  0.10061E-02
 0.82759E-01 -0.11034E+00  0.00000E+00 -0.30466E-04  0.10817E-03  0.10286E-02
 0.96552E-01 -0.11034E+00  0.00000E+00 -0.28143E-04  0.11036E-03  0.10499E-02
 0.11034E+00 -0.11034E+00  0.00000E+00 -0.25669E-04  0.11240E-03  0.10699E-02
 0.12414E+00 -0.11034E+00  0.00000E+00 -0.23053E-04  0.11427E-03  0.10882E-02
 0.13793E+00 -0.11034E+00  0.00000E+00 -0.20303E-04  0.11596E-03  0.11048E-02
 0.15172E+00 -0.11034E+00  0.00000E+00 -0.17433E-04  0.11745E-03  0.11195E-02
 0.16552E+00 -0.11034E+00  0.00000E+00 -0.14456E-04  0.11872E-03  0.11322E-02
 0.17931E+00 -0.11034E+00  0.00000E+00 -0.11387E-04  0.11977E-03  0.11427E-02
 0.19310E+00 -0.11034E+00  0.00000E+00 -0.82418E-05  0.12059E-03  0.11510E-02
 0.20690E+00 -0.11034E+00  0.00000E+00 -0.50396E-05  0.12115E-03  0.11569E-02
 0.22069E+00 -0.11034E+00  0.00000E+00 -0.17991E-05  0.12147E-03  0.11603E-02
 0.23448E+00 -0.11034E+00  0.00000E+00  0.14599E-05  0.12152E-03  0.11613E-02
 0.24828E+00 -0.11034E+00  0.00000E+00  0.47172E-05  0.12132E-03  0.11598E-02
 0.26207E+00 -0.11034E+00  0.00000E+00  0.79522E-05  0.12086E-03  0.11558E-02
 0.27586E+00 -0.11034E+00  0.00000E+00  0.11145E-04  0.12015E-03  0.11493E-02
 0.28966E+00 -0.11034E+00  0.00000E+00  0.14276E-04  0.11919E-03  0.11405E-02
 0.30345E+00 -0.11034E+00  0.00000E+00  0.17326E-04  0.11799E-03  0.11293E-02
 0.31724E+00 -0.11034E+00  0.00000E+00  0.20278E-04  0.11657E-03  0.11159E-02
 0.33103E+00 -0.11034E+00  0.00000E+00  0.23116E-04  0.11493E-03  0.11004E-02
 0.34483E+00 -0.11034E+00  0.00000E+00  0.25825E-04  0.11309E-03  0.10829E-02
 0.35862E+00 -0.11034E+00  0.00000E+00  0.28394E-04  0.11106E-03  0.10637E-02
 0.37241E+00 -0.11034E+00  0.00000E+00  0.30811E-04  0.10887E-03  0.10428E-02
 0.38621E+00 -0.11034E+00  0.00000E+00  0.33068E-04  0.10653E-03  0.10205E-02
 0.40000E+00 -0.11034E+00  0.00000E+00  0.35159E-04  0.10407E-03  0.99694E-03
 0.00000E+00 -0.96552E-01  0.00000E+00 -0.38399E-04  0.89240E-04  0.82326E-03
 0.13793E-01 -0.96552E-01  0.00000E+00 -0.37086E-04  0.91741E-04  0.84669E-03
 0.27586E-01 -0.96552E-01  0.00000E+00 -0.35626E-04  0.94195E-04  0.86970E-03
 0.41379E-01 -0.96552E-01  0.00000E+00 -0.34018E-04  0.96586E-04  0.89217E-03
 0.55172E-01 -0.96552E-01  0.00000E+00 -0.32262E-04  0.98899E-04  0.91395E-03
 0.68966E-01 -0.96552E-01  0.00000E+00 -0.30360E-04  0.10112E-03  0.93489E-03
 0.82759E-01 -0.96552E-01  0.00000E+00 -0.28312E-04  0.10323E-03  0.95486E-03
 0.96552E-01 -0.96552E-01  0.00000E+00 -0.26125E-04  0.10522E-03  0.97370E-03
 0.11034E+00 -0.96552E-01  0.00000E+00 -0.23804E-04  0.10707E-03  0.99126E-03
 0.12414E+00 -0.96552E-01  0.00000E+00 -0.21356E-04  0.10877E-03  0.10074E-02
 0.13793E+00 -0.96552E-01  0.00000E+00 -0.18790E-04  0.11030E-03  0.10220E-02
 0.15172E+00 -0.96552E-01  0.00000E+00 -0.16118E-04  0.11164E-03  0.10349E-02
 0.16552E+00 -0.96552E-01  0.00000E+00 -0.13350E-04  0.11279E-03  0.10460E-02
 0.17931E+00 -0.96552E-01  0.00000E+00 -0.10502E-04  0.11374E-03  0.10552E-02
 0.19310E+00 -0.96552E-01  0.00000E+00 -0.75873E-05  0.11447E-03  0.10624E-02
 0.20690E+00 -0.96552E-01  0.00000E+00 -0.46226E-05  0.11498E-03  0.10675E-02
 0.22069E+00 -0.96552E-01  0.00000E+00 -0.16245E-05  0.11525E-03  0.10705E-02
 0.23448E+00 -0.96552E-01  0.00000E+00  0.13894E-05  0.11530E-03  0.10713E-02
 0.24828E+00 -0.96552E-01  0.00000E+00  0.44012E-05  0.11512E-03  0.10699E-02
 0.26207E+00 -0.96552E-01  0.00000E+00  0.73932E-05  0.11470E-03  0.10664E-02
 0.27586E+00 -0.96552E-01  0.00000E+00  0.10347E-04  0.11405E-03  0.10607E-02
 0.28966E+00 -0.96552E-01  0.00000E+00  0.13247E-04  0.11318E-03  0.10529E-02
 0.30345E+00 -0.96552E-01  0.00000E+00  0.16075E-04  0.11210E-03  0.10430E-02
 0.31724E+00 -0.96552E-01  0.00000E+00  0.18816E-04  0.11080E-03  0.10312E-02
 0.33103E+00 -0.96552E-01  0.00000E+00  0.21456E-04  0.10932E-03  0.10175E-02
 0.34483E+00 -0.96552E-01  0.00000E+00  0.23982E-04  0.10765E-03  0.10021E-02
 0.35862E+00 -0.96552E-01  0.00000E+00  0.26382E-04  0.10581E-03  0.98515E-03
 0.37241E+00 -0.96552E-01  0.00000E+00  0.28649E-04  0.10382E-03  0.96672E-03
 0.38621E+00 -0.96552E-01  0.00000E+00  0.30773E-04  0.10169E-03  0.94699E-03
 0.40000E+00 -0.96552E-01  0.00000E+00  0.32748E-04  0.99445E-04  0.92611E-03
 0.00000E+00 -0.82759E-01  0.00000E+00 -0.35980E-04  0.85785E-04  0.77048E-03
 0.13793E-01 -0.82759E-01  0.00000E+00 -0.34708E-04  0.88088E-04  0.79147E-03
 0.27586E-01 -0.82759E-01  0.00000E+00 -0.33303E-04  0.90341E-04  0.81204E-03
 0.41379E-01 -0.82759E-01  0.00000E+00 -0.31764E-04  0.92534E-04  0.83209E-03
 0.55172E-01 -0.82759E-01  0.00000E+00 -0.30091E-04  0.94652E-04  0.85149E-03
 0.68966E-01 -0.82759E-01  0.00000E+00 -0.28286E-04  0.96682E-04  0.87011E-03
 0.82759E-01 -0.82759E-01  0.00000E+00 -0.26351E-04  0.98610E-04  0.88782E-03
 0.96552E-01 -0.82759E-01  0.00000E+00 -0.24291E-04  0.10042E-03  0.90451E-03
 0.11034E+00 -0.82759E-01  0.00000E+00 -0.22111E-04  0.10210E-03  0.92005E-03
 0.12414E+00 -0.82759E-01  0.00000E+00 -0.19818E-04  0.10364E-03  0.93430E-03
 0.13793E+00 -0.82759E-01  0.00000E+00 -0.17421E-04  0.10503E-03  0.94717E-03
 0.15172E+00 -0.82759E-01  0.00000E+00 -0.14929E-04  0.10625E-03  0.95853E-03
 0.16552E+00 -0.82759E-01  0.00000E+00 -0.12353E-04  0.10729E-03  0.96829E-03
 0.17931E+00 -0.82759E-01  0.00000E+00 -0.97050E-05  0.10814E-03  0.97636E-03
 0.19310E+00 -0.82759E-01  0.00000E+00 -0.69993E-05  0.10880E-03  0.98265E-03
 0.20690E+00 -0.82759E-01  0.00000E+00 -0.42495E-05  0.10925E-03  0.98711E-03
 0.22069E+00 -0.82759E-01  0.00000E+00 -0.14707E-05  0.10950E-03  0.98970E-03
 0.23448E+00 -0.82759E-01  0.00000E+00  0.13218E-05  0.10954E-03  0.99037E-03
 0.24828E+00 -0.82759E-01  0.00000E+00  0.41121E-05  0.10937E-03  0.98912E-03
 0.26207E+00 -0.82759E-01  0.00000E+00  0.68844E-05  0.10899E-03  0.98594E-03
 0.27586E+00 -0.82759E-01  0.00000E+00  0.96232E-05  0.10840E-03  0.98088E-03
 0.28966E+00 -0.82759E-01  0.00000E+00  0.12313E-04  0.10761E-03  0.97396E-03
 0.30345E+00 -0.82759E-01  0.00000E+00  0.14940E-04  0.10662E-03  0.96524E-03
 0.31724E+00 -0.82759E-01  0.00000E+00  0.17489E-04  0.10545E-03  0.95480E-03
 0.33103E+00 -0.82759E-01  0.00000E+00  0.19948E-04  0.10410E-03  0.94272E-03
 0.34483E+00 -0.82759E-01  0.00000E+00  0.22307E-04  0.10258E-03  0.92911E-03
 0.35862E+00 -0.82759E-01  0.00000E+00  0.24554E-04  0.10091E-03  0.91409E-03
 0.37241E+00 -0.82759E-01  0.00000E+00  0.26681E-04  0.99097E-04  0.89776E-03
 0.38621E+00 -0.82759E-01  0.00000E+00  0.28681E-04  0.97157E-04  0.88025E-03
 0.40000E+00 -0.82759E-01  0.00000E+00  0.30548E-04  0.95106E-04  0.86171E-03
 0.00000E+00 -0.68966E-01  0.00000E+00 -0.33749E-04  0.82504E-04  0.72193E-03
 0.13793E-01 -0.68966E-01  0.00000E+00 -0.32520E-04  0.84625E-04  0.74076E-03
 0.27586E-01 -0.68966E-01  0.00000E+00 -0.31169E-04  0.86699E-04  0.75920E-03
 0.41379E-01 -0.68966E-01  0.00000E+00 -0.29697E-04  0.88712E-04  0.77712E-03
 0.55172E-01 -0.68966E-01  0.00000E+00 -0.28103E-04  0.90654E-04  0.79444E-03
 0.68966E-01 -0.68966E-01  0.00000E+00 -0.26391E-04  0.92512E-04  0.81103E-03
 0.82759E-01 -0.68966E-01  0.00000E+00 -0.24562E-04  0.94274E-04  0.82679E-03
 0.96552E-01 -0.68966E-01  0.00000E+00 -0.22620E-04  0.95927E-04  0.84161E-03
 0.11034E+00 -0.68966E-01  0.00000E+00 -0.20571E-04  0.97460E-04  0.85539E-03
 0.12414E+00 -0.68966E-01  0.00000E+00 -0.18422E-04  0.98861E-04  0.86801E-03
 0.13793E+00 -0.68966E-01  0.00000E+00 -0.16179E-04  0.10012E-03  0.87938E-03
 0.15172E+00 -0.68966E-01  0.00000E+00 -0.13852E-04  0.10122E-03  0.88941E-03
 0.16552E+00 -0.68966E-01  0.00000E+00 -0.11450E-04  0.10217E-03  0.89801E-03
 0.17931E+00 -0.68966E-01  0.00000E+00 -0.89858E-05  0.10294E-03  0.90511E-03
 0.19310E+00 -0.68966E-01  0.00000E+00 -0.64697E-05  0.10353E-03  0.91064E-03
 0.20690E+00 -0.68966E-01  0.00000E+00 -0.39150E-05  0.10394E-03  0.91454E-03
 0.22069E+00 -0.68966E-01  0.00000E+00 -0.13347E-05  0.10416E-03  0.91679E-03
 0.23448E+00 -0.68966E-01  0.00000E+00  0.12573E-05  0.10420E-03  0.91734E-03
 0.24828E+00 -0.68966E-01  0.00000E+00  0.38470E-05  0.10404E-03  0.91620E-03
 0.26207E+00 -0.68966E-01  0.00000E+00  0.64206E-05  0.10369E-03  0.91337E-03
 0.27586E+00 -0.68966E-01  0.00000E+00  0.89641E-05  0.10315E-03  0.90887E-03
 0.28966E+00 -0.68966E-01  0.00000E+00  0.11464E-04  0.10243E-03  0.90273E-03
 0.30345E+00 -0.68966E-01  0.00000E+00  0.13908E-04  0.10154E-03  0.89500E-03
 0.31724E+00 -0.68966E-01  0.00000E+00  0.16283E-04  0.10047E-03  0.88574E-03
 0.33103E+00 -0.68966E-01  0.00000E+00  0.18577E-04  0.99238E-04  0.87504E-03
 0.34483E+00 -0.68966E-01  0.00000E+00  0.20782E-04  0.97855E-04  0.86297E-03
 0.35862E+00 -0.68966E-01  0.00000E+00  0.22888E-04  0.96331E-04  0.84963E-03
 0.37241E+00 -0.68966E-01  0.00000E+00  0.24886E-04  0.94677E-04  0.83512E-03
 0.38621E+00 -0.68966E-01  0.00000E+00  0.26770E-04  0.92906E-04  0.81956E-03
 0.40000E+00 -0.68966E-01  0.00000E+00  0.28536E-04  0.91029E-04  0.80305E-03
 0.00000E+00 -0.55172E-01  0.00000E+00 -0.31690E-04  0.79386E-04  0.67721E-03
 0.13793E-01 -0.55172E-01  0.00000E+00 -0.30504E-04  0.81344E-04  0.69414E-03
 0.27586E-01 -0.55172E-01  0.00000E+00 -0.29206E-04  0.83253E-04  0.71069E-03
 0.41379E-01 -0.55172E-01  0.00000E+00 -0.27799E-04  0.85105E-04  0.72675E-03
 0.55172E-01 -0.55172E-01  0.00000E+00 -0.26281E-04  0.86888E-04  0.74224E-03
 0.68966E-01 -0.55172E-01  0.00000E+00 -0.24656E-04  0.88591E-04  0.75706E-03
 0.82759E-01 -0.55172E-01  0.00000E+00 -0.22926E-04  0.90204E-04  0.77111E-03
 0.96552E-01 -0.55172E-01  0.00000E+00 -0.21095E-04  0.91715E-04  0.78431E-03
 0.11034E+00 -0.55172E-01  0.00000E+00 -0.19168E-04  0.93114E-04  0.79656E-03
 0.12414E+00 -0.55172E-01  0.00000E+00 -0.17151E-04  0.94391E-04  0.80776E-03
 0.13793E+00 -0.55172E-01  0.00000E+00 -0.15050E-04  0.95536E-04  0.81784E-03
 0.15172E+00 -0.55172E-01  0.00000E+00 -0.12874E-04  0.96541E-04  0.82672E-03
 0.16552E+00 -0.55172E-01  0.00000E+00 -0.10633E-04  0.97396E-04  0.83433E-03
 0.17931E+00 -0.55172E-01  0.00000E+00 -0.83350E-05  0.98096E-04  0.84059E-03
 0.19310E+00 -0.55172E-01  0.00000E+00 -0.59916E-05  0.98633E-04  0.84546E-03
 0.20690E+00 -0.55172E-01  0.00000E+00 -0.36141E-05  0.99003E-04  0.84888E-03
 0.22069E+00 -0.55172E-01  0.00000E+00 -0.12142E-05  0.99203E-04  0.85084E-03
 0.23448E+00 -0.55172E-01  0.00000E+00  0.11959E-05  0.99230E-04  0.85130E-03
 0.24828E+00 -0.55172E-01  0.00000E+00  0.36037E-05  0.99083E-04  0.85027E-03
 0.26207E+00 -0.55172E-01  0.00000E+00  0.59969E-05  0.98764E-04  0.84773E-03
 0.27586E+00 -0.55172E-01  0.00000E+00  0.83632E-05  0.98274E-04  0.84372E-03
 0.28966E+00 -0.55172E-01  0.00000E+00  0.10691E-04  0.97617E-04  0.83825E-03
 0.30345E+00 -0.55172E-01  0.00000E+00  0.12968E-04  0.96799E-04  0.83138E-03
 0.31724E+00 -0.55172E-01  0.00000E+00  0.15183E-04  0.95825E-04  0.82315E-03
 0.33103E+00 -0.55172E-01  0.00000E+00  0.17328E-04  0.94702E-04  0.81364E-03
 0.34483E+00 -0.55172E-01  0.00000E+00  0.19391E-04  0.93440E-04  0.80290E-03
 0.35862E+00 -0.55172E-01  0.00000E+00  0.21366E-04  0.92048E-04  0.79103E-03
 0.37241E+00 -0.55172E-01  0.00000E+00  0.23245E-04  0.90536E-04  0.77811E-03
 0.38621E+00 -0.55172E-01  0.00000E+00  0.25023E-04  0.88915E-04  0.76423E-03
 0.40000E+00 -0.55172E-01  0.00000E+00  0.26693E-04  0.87196E-04  0.74950E-03
 0.00000E+00 -0.41379E-01  0.00000E+00 -0.29788E-04  0.76423E-04  0.63596E-03
 0.13793E-01 -0.41379E-01  0.00000E+00 -0.28644E-04  0.78232E-04  0.65122E-03
 0.27586E-01 -0.41379E-01  0.00000E+00 -0.27399E-04  0.79993E-04  0.66610E-03
 0.41379E-01 -0.41379E-01  0.00000E+00 -0.26054E-04  0.81698E-04  0.68052E-03
 0.55172E-01 -0.41379E-01  0.00000E+00 -0.24609E-04  0.83337E-04  0.69441E-03
 0.68966E-01 -0.41379E-01  0.00000E+00 -0.23066E-04  0.84901E-04  0.70767E-03
 0.82759E-01 -0.41379E-01  0.00000E+00 -0.21429E-04  0.86379E-04  0.72023E-03
 0.96552E-01 -0.41379E-01  0.00000E+00 -0.19701E-04  0.87763E-04  0.73201E-03
 0.11034E+00 -0.41379E-01  0.00000E+00 -0.17887E-04  0.89042E-04  0.74292E-03
 0.12414E+00 -0.41379E-01  0.00000E+00 -0.15992E-04  0.90208E-04  0.75290E-03
 0.13793E+00 -0.41379E-01  0.00000E+00 -0.14022E-04  0.91253E-04  0.76186E-03
 0.15172E+00 -0.41379E-01  0.00000E+00 -0.11986E-04  0.92168E-04  0.76974E-03
 0.16552E+00 -0.41379E-01  0.00000E+00 -0.98902E-05  0.92947E-04  0.77648E-03
 0.17931E+00 -0.41379E-01  0.00000E+00 -0.77448E-05  0.93582E-04  0.78202E-03
 0.19310E+00 -0.41379E-01  0.00000E+00 -0.55590E-05  0.94070E-04  0.78632E-03
 0.20690E+00 -0.41379E-01  0.00000E+00 -0.33429E-05  0.94404E-04  0.78934E-03
 0.22069E+00 -0.41379E-01  0.00000E+00 -0.11071E-05  0.94584E-04  0.79105E-03
 0.23448E+00 -0.41379E-01  0.00000E+00  0.11375E-05  0.94606E-04  0.79144E-03
 0.24828E+00 -0.41379E-01  0.00000E+00  0.33800E-05  0.94470E-04  0.79049E-03
 0.26207E+00 -0.41379E-01  0.00000E+00  0.56092E-05  0.94177E-04  0.78822E-03
 0.27586E+00 -0.41379E-01  0.00000E+00  0.78142E-05  0.93729E-04  0.78463E-03
 0.28966E+00 -0.41379E-01  0.00000E+00  0.99844E-05  0.93129E-04  0.77976E-03
 0.30345E+00 -0.41379E-01  0.00000E+00  0.12109E-04  0.92381E-04  0.77363E-03
 0.31724E+00 -0.41379E-01  0.00000E+00  0.14180E-04  0.91491E-04  0.76630E-03
 0.33103E+00 -0.41379E-01  0.00000E+00  0.16186E-04  0.90465E-04  0.75782E-03
 0.34483E+00 -0.41379E-01  0.00000E+00  0.18121E-04  0.89311E-04  0.74824E-03
 0.35862E+00 -0.41379E-01  0.00000E+00  0.19975E-04  0.88037E-04  0.73765E-03
 0.37241E+00 -0.41379E-01  0.00000E+00  0.21744E-04  0.86652E-04  0.72611E-03
 0.38621E+00 -0.41379E-01  0.00000E+00  0.23421E-04  0.85166E-04  0.71371E-03
 0.40000E+00 -0.41379E-01  0.00000E+00  0.25002E-04  0.83588E-04  0.70053E-03
 0.00000E+00 -0.27586E-01  0.00000E+00 -0.28029E-04  0.73607E-04  0.59788E-03
 0.13793E-01 -0.27586E-01  0.00000E+00 -0.26926E-04  0.75279E-04  0.61165E-03
 0.27586E-01 -0.27586E-01  0.00000E+00 -0.25732E-04  0.76906E-04  0.62505E-03
 0.41379E-01 -0.27586E-01  0.00000E+00 -0.24447E-04  0.78478E-04  0.63803E-03
 0.55172E-01 -0.27586E-01  0.00000E+00 -0.23071E-04  0.79987E-04  0.65050E-03
 0.68966E-01 -0.27586E-01  0.00000E+00 -0.21607E-04  0.81425E-04  0.66240E-03
 0.82759E-01 -0.27586E-01  0.00000E+00 -0.20057E-04  0.82783E-04  0.67365E-03
 0.96552E-01 -0.27586E-01  0.00000E+00 -0.18425E-04  0.84051E-04  0.68418E-03
 0.11034E+00 -0.27586E-01  0.00000E+00 -0.16716E-04  0.85223E-04  0.69393E-03
 0.12414E+00 -0.27586E-01  0.00000E+00 -0.14933E-04  0.86290E-04  0.70283E-03
 0.13793E+00 -0.27586E-01  0.00000E+00 -0.13084E-04  0.87245E-04  0.71082E-03
 0.15172E+00 -0.27586E-01  0.00000E+00 -0.11176E-04  0.88080E-04  0.71783E-03
 0.16552E+00 -0.27586E-01  0.00000E+00 -0.92143E-05  0.88790E-04  0.72382E-03
 0.17931E+00 -0.27586E-01  0.00000E+00 -0.72084E-05  0.89368E-04  0.72874E-03
 0.19310E+00 -0.27586E-01  0.00000E+00 -0.51665E-05  0.89811E-04  0.73255E-03
 0.20690E+00 -0.27586E-01  0.00000E+00 -0.30977E-05  0.90115E-04  0.73521E-03
 0.22069E+00 -0.27586E-01  0.00000E+00 -0.10116E-05  0.90277E-04  0.73672E-03
 0.23448E+00 -0.27586E-01  0.00000E+00  0.10823E-05  0.90295E-04  0.73704E-03
 0.24828E+00 -0.27586E-01  0.00000E+00  0.31740E-05  0.90169E-04  0.73618E-03
 0.26207E+00 -0.27586E-01  0.00000E+00  0.52537E-05  0.89900E-04  0.73413E-03
 0.27586E+00 -0.27586E-01  0.00000E+00  0.73117E-05  0.89489E-04  0.73092E-03
 0.28966E+00 -0.27586E-01  0.00000E+00  0.93384E-05  0.88940E-04  0.72656E-03
 0.30345E+00 -0.27586E-01  0.00000E+00  0.11325E-04  0.88255E-04  0.72109E-03
 0.31724E+00 -0.27586E-01  0.00000E+00  0.13262E-04  0.87440E-04  0.71454E-03
 0.33103E+00 -0.27586E-01  0.00000E+00  0.15142E-04  0.86500E-04  0.70696E-03
 0.34483E+00 -0.27586E-01  0.00000E+00  0.16957E-04  0.85443E-04  0.69840E-03
 0.35862E+00 -0.27586E-01  0.00000E+00  0.18701E-04  0.84275E-04  0.68893E-03
 0.37241E+00 -0.27586E-01  0.00000E+00  0.20367E-04  0.83005E-04  0.67860E-03
 0.38621E+00 -0.27586E-01  0.00000E+00  0.21951E-04  0.81640E-04  0.66749E-03
 0.40000E+00 -0.27586E-01  0.00000E+00  0.23448E-04  0.80190E-04  0.65567E-03
 0.00000E+00 -0.13793E-01  0.00000E+00 -0.26399E-04  0.70929E-04  0.56267E-03
 0.13793E-01 -0.13793E-01  0.00000E+00 -0.25338E-04  0.72477E-04  0.57512E-03
 0.27586E-01 -0.13793E-01  0.00000E+00 -0.24193E-04  0.73981E-04  0.58722E-03
 0.41379E-01 -0.13793E-01  0.00000E+00 -0.22965E-04  0.75432E-04  0.59891E-03
 0.55172E-01 -0.13793E-01  0.00000E+00 -0.21655E-04  0.76824E-04  0.61013E-03
 0.68966E-01 -0.13793E-01  0.00000E+00 -0.20264E-04  0.78148E-04  0.62083E-03
 0.82759E-01 -0.13793E-01  0.00000E+00 -0.18796E-04  0.79396E-04  0.63092E-03
 0.96552E-01 -0.13793E-01  0.00000E+00 -0.17254E-04  0.80562E-04  0.64037E-03
 0.11034E+00 -0.13793E-01  0.00000E+00 -0.15642E-04  0.81637E-04  0.64910E-03
 0.12414E+00 -0.13793E-01  0.00000E+00 -0.13965E-04  0.82615E-04  0.65706E-03
 0.13793E+00 -0.13793E-01  0.00000E+00 -0.12227E-04  0.83489E-04  0.66419E-03
 0.15172E+00 -0.13793E-01  0.00000E+00 -0.10436E-04  0.84253E-04  0.67045E-03
 0.16552E+00 -0.13793E-01  0.00000E+00 -0.85979E-05  0.84901E-04  0.67579E-03
 0.17931E+00 -0.13793E-01  0.00000E+00 -0.67198E-05  0.85429E-04  0.68016E-03
 0.19310E+00 -0.13793E-01  0.00000E+00 -0.48097E-05  0.85832E-04  0.68355E-03
 0.20690E+00 -0.13793E-01  0.00000E+00 -0.28757E-05  0.86108E-04  0.68591E-03
 0.22069E+00 -0.13793E-01  0.00000E+00 -0.92625E-06  0.86255E-04  0.68723E-03
 0.23448E+00 -0.13793E-01  0.00000E+00  0.10299E-05  0.86270E-04  0.68750E-03
 0.24828E+00 -0.13793E-01  0.00000E+00  0.29841E-05  0.86153E-04  0.68672E-03
 0.26207E+00 -0.13793E-01  0.00000E+00  0.49273E-05  0.85905E-04  0.68487E-03
 0.27586E+00 -0.13793E-01  0.00000E+00  0.68509E-05  0.85528E-04  0.68199E-03
 0.28966E+00 -0.13793E-01  0.00000E+00  0.87464E-05  0.85023E-04  0.67808E-03
 0.30345E+00 -0.13793E-01  0.00000E+00  0.10606E-04  0.84395E-04  0.67318E-03
 0.31724E+00 -0.13793E-01  0.00000E+00  0.12421E-04  0.83648E-04  0.66731E-03
 0.33103E+00 -0.13793E-01  0.00000E+00  0.14184E-04  0.82786E-04  0.66052E-03
 0.34483E+00 -0.13793E-01  0.00000E+00  0.15890E-04  0.81816E-04  0.65286E-03
 0.35862E+00 -0.13793E-01  0.00000E+00  0.17531E-04  0.80743E-04  0.64436E-03
 0.37241E+00 -0.13793E-01  0.00000E+00  0.19102E-04  0.79576E-04  0.63510E-03
 0.38621E+00 -0.13793E-01  0.00000E+00  0.20599E-04  0.78321E-04  0.62513E-03
 0.40000E+00 -0.13793E-01  0.00000E+00  0.22017E-04  0.76985E-04  0.61450E-03
 0.00000E+00  0.00000E+00  0.00000E+00 -0.24889E-04  0.68381E-04  0.53008E-03
 0.13793E-01  0.00000E+00  0.00000E+00 -0.23868E-04  0.69816E-04  0.54135E-03
 0.27586E-01  0.00000E+00  0.00000E+00 -0.22771E-04  0.71208E-04  0.55229E-03
 0.41379E-01  0.00000E+00  0.00000E+00 -0.21597E-04  0.72550E-04  0.56285E-03
 0.55172E-01  0.00000E+00  0.00000E+00 -0.20349E-04  0.73835E-04  0.57297E-03
 0.68966E-01  0.00000E+00  0.00000E+00 -0.19028E-04  0.75056E-04  0.58260E-03
 0.82759E-01  0.00000E+00  0.00000E+00 -0.17637E-04  0.76206E-04  0.59168E-03
 0.96552E-01  0.00000E+00  0.00000E+00 -0.16179E-04  0.77278E-04  0.60017E-03
 0.11034E+00  0.00000E+00  0.00000E+00 -0.14657E-04  0.78266E-04  0.60800E-03
 0.12414E+00  0.00000E+00  0.00000E+00 -0.13077E-04  0.79164E-04  0.61513E-03
 0.13793E+00  0.00000E+00  0.00000E+00 -0.11442E-04  0.79965E-04  0.62152E-03
 0.15172E+00  0.00000E+00  0.00000E+00 -0.97596E-05  0.80665E-04  0.62712E-03
 0.16552E+00  0.00000E+00  0.00000E+00 -0.80346E-05  0.81258E-04  0.63188E-03
 0.17931E+00  0.00000E+00  0.00000E+00 -0.62740E-05  0.81741E-04  0.63579E-03
 0.19310E+00  0.00000E+00  0.00000E+00 -0.44847E-05  0.82109E-04  0.63880E-03
 0.20690E+00  0.00000E+00  0.00000E+00 -0.26741E-05  0.82360E-04  0.64090E-03
 0.22069E+00  0.00000E+00  0.00000E+00 -0.84978E-06  0.82493E-04  0.64207E-03
 0.23448E+00  0.00000E+00  0.00000E+00  0.98044E-06  0.82505E-04  0.64230E-03
 0.24828E+00  0.00000E+00  0.00000E+00  0.28087E-05  0.82397E-04  0.64158E-03
 0.26207E+00  0.00000E+00  0.00000E+00  0.46270E-05  0.82168E-04  0.63992E-03
 0.27586E+00  0.00000E+00  0.00000E+00  0.64277E-05  0.81821E-04  0.63732E-03
 0.28966E+00  0.00000E+00  0.00000E+00  0.82030E-05  0.81358E-04  0.63381E-03
 0.30345E+00  0.00000E+00  0.00000E+00  0.99456E-05  0.80781E-04  0.62941E-03
 0.31724E+00  0.00000E+00  0.00000E+00  0.11648E-04  0.80094E-04  0.62414E-03
 0.33103E+00  0.00000E+00  0.00000E+00  0.13305E-04  0.79302E-04  0.61805E-03
 0.34483E+00  0.00000E+00  0.00000E+00  0.14909E-04  0.78410E-04  0.61116E-03
 0.35862E+00  0.00000E+00  0.00000E+00  0.16455E-04  0.77423E-04  0.60353E-03
 0.37241E+00  0.00000E+00  0.00000E+00  0.17938E-04  0.76349E-04  0.59520E-03
 0.38621E+00  0.00000E+00  0.00000E+00  0.19354E-04  0.75192E-04  0.58623E-03
 0.40000E+00  0.00000E+00  0.00000E+00  0.20698E-04  0.73961E-04  0.57666E-03
